Task 	 PA 	 PA_NV 	 PA_SL 	 HetOTL 	 HetOTL_SL 	 OTLHS 
1 	 49.9040 2.1930 	 43.2000 1.8852 	 49.9040 2.1930 	 45.3480 2.0592 	 39.0060 1.6031 	 39.1700 1.7180 
2 	 50.1540 2.2969 	 35.9220 1.5271 	 50.1540 2.2969 	 38.7960 1.8405 	 32.2200 1.5747 	 32.3480 1.6696 
3 	 50.3400 2.2607 	 39.5200 2.0763 	 50.3400 2.2607 	 42.4900 2.0369 	 36.0500 1.6466 	 36.3580 1.7441 
4 	 50.0800 2.0044 	 44.9860 1.9391 	 50.0800 2.0044 	 46.6400 1.9322 	 40.1080 1.7910 	 40.2740 1.8243 
5 	 49.9940 2.1054 	 41.0020 1.7971 	 49.9940 2.1054 	 43.2940 1.8655 	 37.2000 1.7030 	 37.3360 1.7368 
6 	 50.6180 2.3066 	 36.1880 1.6843 	 50.6180 2.3066 	 39.1320 1.6483 	 31.3100 1.4507 	 31.5220 1.5063 
7 	 50.1160 2.3395 	 44.8680 1.9184 	 50.1160 2.3395 	 46.3640 1.9800 	 42.0280 1.7061 	 42.1520 1.7703 
8 	 49.9400 2.0549 	 43.4200 1.7369 	 49.9400 2.0549 	 45.6660 1.8339 	 38.9200 1.8135 	 39.2140 1.7900 
9 	 50.1460 2.0465 	 38.8480 1.6688 	 50.1460 2.0465 	 42.1520 1.8229 	 34.6380 1.5140 	 34.8480 1.5666 
10 	 50.2420 2.2221 	 42.2280 1.8729 	 50.2420 2.2221 	 44.4700 2.0561 	 39.0840 1.7478 	 39.2820 1.7832 
11 	 50.3300 2.3621 	 36.8280 1.4796 	 50.3300 2.3621 	 39.2380 1.8851 	 31.7840 1.5665 	 31.9460 1.5252 
12 	 50.1060 2.1281 	 42.0620 1.9837 	 50.1060 2.1281 	 43.8220 2.2019 	 36.2160 1.4569 	 36.5520 1.4736 
13 	 49.7680 2.2205 	 40.9220 1.6658 	 49.7680 2.2205 	 42.9520 1.9318 	 36.1200 1.3775 	 36.3160 1.4131 
14 	 50.2120 2.0743 	 36.9960 1.6285 	 50.2120 2.0743 	 39.6040 1.7167 	 32.7540 1.6877 	 32.9520 1.7052 
15 	 50.6420 2.4523 	 37.3940 1.5895 	 50.6420 2.4523 	 39.9960 1.8299 	 32.2900 1.6770 	 32.5400 1.6506 
16 	 49.9620 2.5358 	 44.6580 2.1056 	 49.9620 2.5358 	 45.9000 2.1795 	 39.5020 1.5579 	 39.6860 1.5930 
17 	 50.0200 2.1587 	 39.8980 1.8163 	 50.0200 2.1587 	 42.4200 1.8511 	 36.6060 1.7264 	 36.8940 1.7102 
18 	 49.8180 2.5504 	 38.0920 1.6006 	 49.8180 2.5504 	 41.0300 1.7932 	 34.4980 1.7227 	 34.6520 1.7164 
19 	 49.9940 2.2701 	 36.8540 1.7108 	 49.9940 2.2701 	 39.9920 1.8244 	 32.1320 1.7158 	 32.3260 1.6506 
20 	 49.7560 2.1793 	 40.4540 1.8405 	 49.7560 2.1793 	 42.7480 1.9214 	 36.9320 1.9006 	 37.0660 1.8617 
21 	 50.0720 2.0206 	 42.7400 1.7894 	 50.0720 2.0206 	 45.4780 1.9631 	 40.4960 1.6508 	 40.6620 1.7029 
22 	 49.8720 2.2363 	 35.5000 1.6087 	 49.8720 2.2363 	 37.8120 1.7718 	 30.5780 1.5290 	 30.8980 1.5449 
23 	 49.8280 2.1907 	 38.8780 1.9388 	 49.8280 2.1907 	 41.8720 1.9487 	 37.1720 1.9945 	 37.3860 1.9385 
24 	 50.0440 2.3318 	 34.8680 1.7142 	 50.0440 2.3318 	 38.3100 1.7252 	 31.0680 1.6194 	 31.1980 1.6506 
25 	 50.0820 2.0855 	 36.1580 1.5288 	 50.0820 2.0855 	 38.6320 1.7072 	 30.6760 1.3859 	 30.9000 1.4220 
26 	 49.8600 2.1442 	 41.7480 1.9400 	 49.8600 2.1442 	 44.3840 2.0266 	 38.6420 1.8185 	 38.8800 1.7913 
27 	 50.3080 2.0031 	 40.9680 1.7386 	 50.3080 2.0031 	 44.1360 1.9143 	 37.6600 1.9628 	 37.8680 2.0037 
28 	 50.2080 2.4271 	 27.5780 1.5069 	 50.2080 2.4271 	 30.3540 1.5371 	 23.0500 1.1164 	 23.3020 1.1190 
29 	 50.0940 2.3815 	 40.5840 1.6829 	 50.0940 2.3815 	 43.1680 1.9999 	 36.6460 1.6230 	 36.8320 1.6065 
30 	 50.5320 2.0793 	 33.4040 1.6682 	 50.5320 2.0793 	 36.1540 1.9056 	 28.3060 1.4249 	 28.5280 1.5793 
31 	 49.9100 2.2857 	 46.3820 2.0253 	 49.9100 2.2857 	 47.9680 2.0702 	 42.0160 1.7667 	 42.1500 1.7916 
32 	 49.7420 2.4353 	 39.9240 1.8186 	 49.7420 2.4353 	 42.4820 1.9676 	 34.6200 1.7355 	 34.7760 1.7664 
33 	 50.3340 2.0724 	 39.4800 1.6875 	 50.3340 2.0724 	 41.9420 1.6132 	 35.1560 1.6802 	 35.4800 1.7650 
34 	 50.2120 2.2953 	 41.9160 1.8189 	 50.2120 2.2953 	 44.1760 2.1167 	 38.0920 1.9415 	 38.2960 1.8463 
35 	 49.8900 2.5302 	 34.6580 1.6407 	 49.8900 2.5302 	 36.5420 1.6912 	 29.6960 1.5118 	 29.9440 1.5279 
36 	 50.5320 2.2322 	 36.9040 1.6299 	 50.5320 2.2322 	 39.5760 1.7909 	 34.6940 1.5976 	 34.8920 1.5436 
37 	 50.2140 2.1349 	 39.7000 1.7123 	 50.2140 2.1349 	 42.7820 1.7805 	 35.5440 1.6490 	 35.6920 1.7439 
38 	 50.4880 2.5947 	 35.1320 1.4741 	 50.4880 2.5947 	 37.6920 1.7250 	 30.7380 1.6175 	 30.9640 1.5943 
39 	 50.2160 2.1781 	 39.9580 1.6763 	 50.2160 2.1781 	 43.2200 1.7397 	 36.7680 1.5255 	 36.9620 1.5691 
40 	 50.2960 2.3537 	 47.9260 1.9392 	 50.2960 2.3537 	 48.6760 2.1365 	 43.7200 1.7500 	 43.9960 1.8220 
41 	 50.2760 2.1227 	 39.5600 1.7389 	 50.2760 2.1227 	 42.5820 1.7602 	 34.5920 1.6877 	 34.7860 1.7346 
42 	 49.9880 1.8569 	 36.8940 1.6403 	 49.9880 1.8569 	 40.5220 1.7544 	 33.8920 1.5856 	 34.0620 1.6030 
43 	 50.1100 2.3578 	 40.6700 2.0315 	 50.1100 2.3578 	 43.7660 2.1428 	 37.0520 1.6170 	 37.2860 1.6269 
44 	 50.1220 2.2865 	 39.5360 1.7677 	 50.1220 2.2865 	 42.1840 1.9894 	 35.1020 1.5631 	 35.3040 1.5238 
45 	 50.2020 2.1730 	 40.5880 1.9951 	 50.2020 2.1730 	 43.7020 2.0948 	 37.5080 1.7050 	 37.6920 1.7012 
