Task 	 PA 	 PA_NV 	 PA_SL 	 HetOTL 	 HetOTL_SL 	 OTLHS 
1 	 76.3980 2.1243 	 77.6700 2.1334 	 96.8020 1.1517 	 154.2080 4.5396 	 258.1000 5.1144 	 258.6200 4.8912 
2 	 71.5080 2.2953 	 73.0640 1.8131 	 95.8520 1.1951 	 148.5880 3.9066 	 256.5560 4.2040 	 256.9920 4.3960 
3 	 73.2800 2.1737 	 76.8260 1.9601 	 96.4620 1.1176 	 154.2480 3.7857 	 248.5680 4.5152 	 248.9520 4.3065 
4 	 76.1240 2.0642 	 79.4080 1.8111 	 96.7700 1.1153 	 157.0720 3.8450 	 263.8000 4.6639 	 264.3040 4.7516 
5 	 72.7100 2.2485 	 76.9880 1.8306 	 96.2700 1.2356 	 153.7800 3.8140 	 259.5080 4.6633 	 260.2080 4.4580 
6 	 73.0160 1.9049 	 72.9240 1.7400 	 96.3840 1.1768 	 147.9080 3.0521 	 243.9000 4.4322 	 244.7680 4.3058 
7 	 72.3700 2.2794 	 80.6120 1.7516 	 97.0200 1.1746 	 159.4560 3.7062 	 288.7040 4.3235 	 288.6320 4.2256 
8 	 74.1400 1.8074 	 79.7280 1.7495 	 96.7980 1.0967 	 156.6800 3.9182 	 279.6400 4.5096 	 279.5560 4.4820 
9 	 73.5120 2.2152 	 76.1220 1.9307 	 96.4520 1.2298 	 153.0520 3.9412 	 255.0240 4.5527 	 255.8840 4.5048 
10 	 75.7720 2.3022 	 77.0300 1.8338 	 96.7500 1.0519 	 154.9760 3.7135 	 259.7720 4.4503 	 260.3560 4.6177 
11 	 73.2540 2.2180 	 74.2460 1.6312 	 96.1180 1.3245 	 150.1800 3.7529 	 249.2000 5.0173 	 249.6680 5.3282 
12 	 75.8740 2.1502 	 78.5060 1.9454 	 97.1040 0.9143 	 154.6920 4.1499 	 260.2680 4.7889 	 261.0520 4.8445 
13 	 74.4580 1.9742 	 79.3540 1.7940 	 96.9100 1.2781 	 157.0880 3.7204 	 264.8880 4.8856 	 265.2320 4.8528 
14 	 71.4200 2.1816 	 74.5420 2.0196 	 96.0760 1.0931 	 152.3760 3.5876 	 257.6120 5.2973 	 258.1160 5.2488 
15 	 73.0880 2.3380 	 75.2280 2.0275 	 96.2520 1.3106 	 152.3520 3.8220 	 255.8280 4.3852 	 256.3120 4.5275 
16 	 75.5440 2.4625 	 80.6400 1.9322 	 96.7680 1.1833 	 157.6720 3.9300 	 267.2440 4.8854 	 267.3440 4.8297 
17 	 74.1860 2.1599 	 76.6020 2.0342 	 97.0520 1.1012 	 155.3720 3.8799 	 269.4080 4.4736 	 269.5400 4.7008 
18 	 73.8940 2.1982 	 75.8880 1.7806 	 96.4460 1.2263 	 154.1520 3.8002 	 258.3560 4.4679 	 258.4520 4.2722 
19 	 72.3620 2.1594 	 74.5940 1.8516 	 96.1040 1.2199 	 150.7520 3.8536 	 241.6680 4.5862 	 242.1120 4.8406 
20 	 74.2160 2.3518 	 77.2900 1.9017 	 96.4700 1.2428 	 154.1200 3.9309 	 260.5400 4.6437 	 261.0600 4.4062 
21 	 72.8380 1.8778 	 80.9540 1.5977 	 96.9040 1.0353 	 160.0440 3.4178 	 287.9800 4.8534 	 288.1040 4.9546 
22 	 75.0140 2.1882 	 75.2520 1.7808 	 96.5080 1.0993 	 149.3320 3.8211 	 232.9800 4.8726 	 234.1440 4.8384 
23 	 71.3360 2.1540 	 77.7560 1.7036 	 96.8360 1.1283 	 155.8760 3.6247 	 283.5600 4.8240 	 283.1080 4.6923 
24 	 72.3820 2.3457 	 75.3360 1.7809 	 96.2060 1.3149 	 151.9680 3.6260 	 252.7800 4.9159 	 252.9200 4.8810 
25 	 74.1460 1.9719 	 75.4780 1.8865 	 96.3520 1.1617 	 150.0360 3.5323 	 245.0200 5.1531 	 246.1600 5.1073 
26 	 74.3260 2.2659 	 80.4040 1.7380 	 97.2220 1.0583 	 159.4320 3.6289 	 286.2120 3.7009 	 286.0560 3.5591 
27 	 75.2480 2.0402 	 81.0080 1.4653 	 97.1480 1.0582 	 160.6000 3.0945 	 275.7480 3.9902 	 275.9520 4.1648 
28 	 71.9120 2.1592 	 66.1100 1.9826 	 95.6000 1.2250 	 137.7000 4.1637 	 216.4040 5.8411 	 217.1720 5.7285 
29 	 73.1260 2.3701 	 77.5500 1.8096 	 96.7700 1.2496 	 155.6360 3.7082 	 263.9240 5.0659 	 264.2600 5.2121 
30 	 72.1860 2.1315 	 72.3920 1.7272 	 96.1800 1.1273 	 148.9520 3.6006 	 241.7280 5.3369 	 242.6840 5.5128 
31 	 75.7460 2.0968 	 80.9360 1.8001 	 97.0740 1.0890 	 157.7840 3.5820 	 283.2080 4.6962 	 283.0240 4.6524 
32 	 72.8380 2.4729 	 77.2400 1.9240 	 96.3420 1.2573 	 154.3520 3.9333 	 259.8960 4.3465 	 260.0880 4.5439 
33 	 74.4180 2.2333 	 75.8340 2.0287 	 96.5980 1.0856 	 153.3400 4.0459 	 254.4360 5.1010 	 255.2520 5.2508 
34 	 73.3520 2.1479 	 78.0120 1.8789 	 96.7520 1.2352 	 156.4720 3.4766 	 272.8240 4.9160 	 273.5280 5.2136 
35 	 74.0920 2.4787 	 71.4180 1.9330 	 96.5060 1.3053 	 145.8240 4.0307 	 229.5040 4.9371 	 229.9280 5.1299 
36 	 72.1280 2.2308 	 72.9880 1.7895 	 97.0120 0.9419 	 150.0560 3.6867 	 275.3320 4.6097 	 275.3280 4.3287 
37 	 72.9120 2.2235 	 76.2000 2.0615 	 96.5400 1.0634 	 154.5400 3.6891 	 261.4720 4.6934 	 261.7840 4.7286 
38 	 74.6460 2.3659 	 72.9620 1.8973 	 96.7920 1.2087 	 147.6720 4.3771 	 241.3920 4.6843 	 242.0360 4.7295 
39 	 74.0360 2.0500 	 76.8980 1.7804 	 96.7100 1.1222 	 154.1160 3.4095 	 262.2960 4.5924 	 262.5800 4.3963 
40 	 73.2140 2.3574 	 83.7000 1.4235 	 97.3740 0.9895 	 162.8680 3.0527 	 294.8120 4.6798 	 294.1840 4.7555 
41 	 74.7780 2.1200 	 78.5300 1.7159 	 96.9780 1.1353 	 154.0080 3.7281 	 263.0200 4.5088 	 263.6640 4.4791 
42 	 71.7240 2.0522 	 76.3040 1.6197 	 96.1280 1.1319 	 154.5480 3.3125 	 267.9240 4.4974 	 268.2680 4.4328 
43 	 72.7240 2.2869 	 79.0580 1.7708 	 97.0680 0.9828 	 156.9000 3.6277 	 281.2560 4.5777 	 281.8920 4.4089 
44 	 74.4860 2.1642 	 77.9420 1.6089 	 96.9980 1.1695 	 154.9440 3.7672 	 270.5960 5.2439 	 270.9920 5.4141 
45 	 74.3080 2.2499 	 78.2360 1.6912 	 97.1680 1.2043 	 156.8960 3.6030 	 274.5560 4.9236 	 274.4400 5.0945 
