Task 	 PA 	 PA_NV 	 PA_SL 	 HetOTL 	 HetOTL_SL 	 OTLHS 
1 	 100.0000 0.0000 	 77.6700 2.1334 	 100.0000 0.0000 	 188.4960 2.5824 	 310.7200 5.0683 	 311.0600 5.1220 
2 	 100.0000 0.0000 	 73.0640 1.8131 	 100.0000 0.0000 	 180.4000 3.1171 	 309.5600 5.1157 	 309.9640 5.1257 
3 	 100.0000 0.0000 	 76.8260 1.9601 	 100.0000 0.0000 	 185.9800 2.7645 	 301.2680 4.7625 	 301.6600 4.7408 
4 	 100.0000 0.0000 	 79.4080 1.8111 	 100.0000 0.0000 	 189.5560 2.2128 	 314.9440 4.5485 	 315.3400 4.5335 
5 	 100.0000 0.0000 	 76.9880 1.8306 	 100.0000 0.0000 	 185.3640 2.5553 	 311.5240 5.1973 	 311.8640 5.1878 
6 	 100.0000 0.0000 	 72.9240 1.7400 	 100.0000 0.0000 	 177.7960 2.4973 	 295.7200 4.7789 	 296.0800 4.7342 
7 	 100.0000 0.0000 	 80.6120 1.7516 	 100.0000 0.0000 	 189.8560 1.9715 	 344.6600 4.0575 	 344.8640 3.9764 
8 	 100.0000 0.0000 	 79.7280 1.7495 	 100.0000 0.0000 	 189.3960 2.2943 	 331.4400 4.4524 	 331.5320 4.4255 
9 	 100.0000 0.0000 	 76.1220 1.9307 	 100.0000 0.0000 	 184.0600 2.7108 	 306.5880 4.9024 	 307.0040 5.0948 
10 	 100.0000 0.0000 	 77.0300 1.8338 	 100.0000 0.0000 	 185.7440 2.3990 	 308.4480 4.3608 	 308.8000 4.4611 
11 	 100.0000 0.0000 	 74.2460 1.6312 	 100.0000 0.0000 	 181.4960 2.6020 	 300.4560 5.1824 	 300.7320 5.2157 
12 	 100.0000 0.0000 	 78.5060 1.9454 	 100.0000 0.0000 	 187.1760 2.5169 	 321.3520 5.2668 	 321.6960 5.1893 
13 	 100.0000 0.0000 	 79.3540 1.7940 	 100.0000 0.0000 	 187.9400 2.6729 	 320.9200 5.1932 	 321.0480 5.1489 
14 	 100.0000 0.0000 	 74.5420 2.0196 	 100.0000 0.0000 	 183.4080 2.8509 	 306.4720 4.2543 	 306.5880 4.2353 
15 	 100.0000 0.0000 	 75.2280 2.0275 	 100.0000 0.0000 	 183.5520 2.6117 	 306.4040 4.8059 	 306.7840 4.7178 
16 	 100.0000 0.0000 	 80.6400 1.9322 	 100.0000 0.0000 	 190.2080 2.1495 	 323.0840 4.3545 	 323.2480 4.3030 
17 	 100.0000 0.0000 	 76.6020 2.0342 	 100.0000 0.0000 	 186.0280 2.4666 	 319.4800 4.1188 	 319.6160 4.0997 
18 	 100.0000 0.0000 	 75.8880 1.7806 	 100.0000 0.0000 	 183.6200 2.5185 	 309.1680 4.5182 	 309.2480 4.5416 
19 	 100.0000 0.0000 	 74.5940 1.8516 	 100.0000 0.0000 	 183.2160 2.5546 	 296.9320 4.8396 	 297.4200 4.9444 
20 	 100.0000 0.0000 	 77.2900 1.9017 	 100.0000 0.0000 	 185.0840 2.5459 	 313.4920 4.3137 	 313.6360 4.2799 
21 	 100.0000 0.0000 	 80.9540 1.5977 	 100.0000 0.0000 	 190.7800 2.1222 	 340.6640 3.8965 	 340.7600 3.8746 
22 	 100.0000 0.0000 	 75.2520 1.7808 	 100.0000 0.0000 	 182.1680 3.1497 	 292.8480 4.7917 	 293.1560 4.7390 
23 	 100.0000 0.0000 	 77.7560 1.7036 	 100.0000 0.0000 	 186.4200 2.2176 	 337.0680 4.4361 	 337.1800 4.3782 
24 	 100.0000 0.0000 	 75.3360 1.7809 	 100.0000 0.0000 	 183.1680 2.6749 	 300.7560 5.0346 	 300.9920 5.0406 
25 	 100.0000 0.0000 	 75.4780 1.8865 	 100.0000 0.0000 	 182.6680 2.9334 	 299.4000 5.1779 	 299.6080 5.2330 
26 	 100.0000 0.0000 	 80.4040 1.7380 	 100.0000 0.0000 	 190.8800 2.0348 	 341.3600 4.2210 	 341.5080 4.2438 
27 	 100.0000 0.0000 	 81.0080 1.4653 	 100.0000 0.0000 	 190.5360 2.1955 	 327.0920 4.5521 	 327.1480 4.4913 
28 	 100.0000 0.0000 	 66.1100 1.9826 	 100.0000 0.0000 	 168.8960 3.6276 	 270.1120 5.4878 	 270.3880 5.5011 
29 	 100.0000 0.0000 	 77.5500 1.8096 	 100.0000 0.0000 	 187.0360 2.2975 	 313.0400 4.5108 	 313.3680 4.5291 
30 	 100.0000 0.0000 	 72.3920 1.7272 	 100.0000 0.0000 	 179.7960 3.2379 	 292.6440 5.7635 	 292.9200 5.7707 
31 	 100.0000 0.0000 	 80.9360 1.8001 	 100.0000 0.0000 	 191.9080 1.9026 	 336.2960 3.9990 	 336.4840 4.0090 
32 	 100.0000 0.0000 	 77.2400 1.9240 	 100.0000 0.0000 	 186.5360 2.6247 	 312.7040 4.9456 	 312.9640 4.9824 
33 	 100.0000 0.0000 	 75.8340 2.0287 	 100.0000 0.0000 	 184.7920 3.0947 	 310.6720 5.4567 	 310.9400 5.5357 
34 	 100.0000 0.0000 	 78.0120 1.8789 	 100.0000 0.0000 	 187.4880 2.3702 	 327.4560 4.1924 	 327.6320 4.2361 
35 	 100.0000 0.0000 	 71.4180 1.9330 	 100.0000 0.0000 	 178.1480 3.3349 	 290.5880 5.3000 	 291.0880 5.4998 
36 	 100.0000 0.0000 	 72.9880 1.7895 	 100.0000 0.0000 	 182.5480 2.8764 	 328.6320 4.6429 	 328.8720 4.6430 
37 	 100.0000 0.0000 	 76.2000 2.0615 	 100.0000 0.0000 	 186.3760 2.3488 	 309.6920 4.7342 	 309.8800 4.7005 
38 	 100.0000 0.0000 	 72.9620 1.8973 	 100.0000 0.0000 	 179.3960 3.2264 	 292.3920 5.1348 	 292.6040 5.1629 
39 	 100.0000 0.0000 	 76.8980 1.7804 	 100.0000 0.0000 	 187.0960 2.3521 	 315.1360 5.0733 	 315.4960 5.0146 
40 	 100.0000 0.0000 	 83.7000 1.4235 	 100.0000 0.0000 	 193.3840 1.5186 	 351.4560 3.8875 	 351.5680 3.9392 
41 	 100.0000 0.0000 	 78.5300 1.7159 	 100.0000 0.0000 	 187.7680 2.2514 	 327.6200 4.4880 	 327.6880 4.4512 
42 	 100.0000 0.0000 	 76.3040 1.6197 	 100.0000 0.0000 	 185.3720 2.4554 	 319.7160 4.8832 	 319.7760 4.8503 
43 	 100.0000 0.0000 	 79.0580 1.7708 	 100.0000 0.0000 	 188.3200 2.3490 	 334.0120 4.7501 	 334.2600 4.7931 
44 	 100.0000 0.0000 	 77.9420 1.6089 	 100.0000 0.0000 	 187.3560 2.4631 	 321.1280 4.7721 	 321.3480 4.6878 
45 	 100.0000 0.0000 	 78.2360 1.6912 	 100.0000 0.0000 	 188.8360 2.0578 	 329.1040 4.2485 	 329.1480 4.2479 
