Task 	 PA 	 PA_NV 	 PA_SL 	 HetOTL 	 HetOTL_SL 	 OTLHS 
1 	 43.8320 2.0563 	 43.2000 1.8852 	 43.8380 2.0653 	 41.4900 1.7402 	 36.9280 1.4936 	 36.9340 1.4956 
2 	 28.5660 1.5018 	 35.9220 1.5271 	 28.5580 1.5002 	 33.4940 1.3826 	 29.1180 1.3002 	 29.1300 1.2947 
3 	 36.5540 1.9872 	 39.5200 2.0763 	 36.5640 1.9847 	 37.2100 1.5548 	 32.7720 1.2485 	 32.7900 1.2340 
4 	 42.1240 1.5946 	 44.9860 1.9391 	 42.1260 1.5959 	 43.5400 1.7522 	 38.0380 1.5649 	 38.0840 1.5534 
5 	 36.7860 1.6673 	 41.0020 1.7971 	 36.7900 1.6710 	 38.9440 1.5810 	 34.1640 1.3991 	 34.1800 1.3846 
6 	 36.9580 1.6849 	 36.1880 1.6843 	 36.9800 1.6811 	 33.6720 1.4616 	 28.5700 1.2818 	 28.5780 1.2830 
7 	 40.2200 1.8470 	 44.8680 1.9184 	 40.2380 1.8683 	 43.5220 1.7551 	 39.6220 1.6275 	 39.6360 1.6398 
8 	 43.4140 1.7570 	 43.4200 1.7369 	 43.4300 1.7430 	 41.5700 1.6187 	 36.3080 1.5404 	 36.3040 1.5360 
9 	 37.2360 1.6790 	 38.8480 1.6688 	 37.2240 1.6772 	 36.6900 1.3619 	 31.3580 1.3610 	 31.3600 1.3651 
10 	 40.2200 1.7935 	 42.2280 1.8729 	 40.1980 1.7980 	 40.6360 1.7584 	 36.9120 1.5581 	 36.9460 1.5686 
11 	 32.9640 1.6593 	 36.8280 1.4796 	 32.9580 1.6622 	 34.0400 1.3666 	 28.6820 1.1645 	 28.6940 1.1632 
12 	 45.4060 1.8397 	 42.0620 1.9837 	 45.4020 1.8452 	 39.8820 1.6717 	 33.9700 1.2894 	 33.9740 1.2985 
13 	 35.7460 1.7465 	 40.9220 1.6658 	 35.7420 1.7443 	 38.2840 1.3337 	 33.2720 1.3069 	 33.2820 1.3089 
14 	 29.3940 1.5198 	 36.9960 1.6285 	 29.4140 1.5333 	 34.2660 1.4498 	 29.2880 1.3015 	 29.2860 1.3003 
15 	 34.7420 1.7441 	 37.3940 1.5895 	 34.7440 1.7464 	 34.6960 1.2932 	 29.8460 1.1693 	 29.8580 1.1814 
16 	 43.3960 2.0205 	 44.6580 2.1056 	 43.4000 2.0153 	 43.0260 1.7688 	 37.5100 1.2736 	 37.4960 1.2816 
17 	 37.7480 1.7297 	 39.8980 1.8163 	 37.7480 1.7288 	 38.0160 1.7117 	 33.4700 1.3661 	 33.4660 1.3686 
18 	 34.1740 2.0316 	 38.0920 1.6006 	 34.1780 2.0437 	 35.9440 1.5053 	 31.3680 1.2465 	 31.3760 1.2576 
19 	 34.7380 2.2392 	 36.8540 1.7108 	 34.7340 2.2430 	 34.0920 1.4624 	 28.7460 1.3229 	 28.7700 1.3210 
20 	 40.1720 1.7282 	 40.4540 1.8405 	 40.1180 1.7503 	 38.6160 1.6889 	 34.3700 1.4783 	 34.3720 1.4804 
21 	 39.0120 1.8918 	 42.7400 1.7894 	 39.0160 1.8752 	 41.5960 1.7480 	 37.8820 1.4744 	 37.8980 1.4767 
22 	 35.4060 1.5978 	 35.5000 1.6087 	 35.4100 1.6011 	 32.5740 1.4024 	 27.5340 1.2792 	 27.5440 1.2697 
23 	 32.7280 1.9229 	 38.8780 1.9388 	 32.6960 1.9170 	 36.8920 1.4824 	 33.2800 1.4193 	 33.2820 1.4310 
24 	 35.6260 2.4246 	 34.8680 1.7142 	 35.6080 2.4122 	 32.0400 1.5173 	 27.7560 1.2143 	 27.7540 1.2213 
25 	 31.7320 1.5519 	 36.1580 1.5288 	 31.7260 1.5582 	 33.2280 1.1813 	 27.6980 1.0714 	 27.6900 1.0473 
26 	 38.9600 1.8317 	 41.7480 1.9400 	 38.9500 1.8366 	 39.8700 1.7534 	 35.2460 1.4500 	 35.2420 1.4403 
27 	 37.2860 1.8078 	 40.9680 1.7386 	 37.2880 1.8004 	 39.3540 1.7326 	 34.8660 1.4620 	 34.8680 1.4711 
28 	 31.2940 1.6835 	 27.5780 1.5069 	 31.3000 1.6828 	 24.2940 1.0646 	 20.1040 0.9400 	 20.1140 0.9395 
29 	 42.4840 1.9333 	 40.5840 1.6829 	 42.4600 1.9222 	 38.6460 1.4385 	 34.0520 1.6403 	 34.0560 1.6365 
30 	 31.5500 1.7529 	 33.4040 1.6682 	 31.5420 1.7517 	 29.9960 1.4145 	 25.3260 1.1695 	 25.3260 1.1532 
31 	 45.3300 1.8805 	 46.3820 2.0253 	 45.3240 1.8813 	 45.1200 1.9232 	 39.8520 1.6924 	 39.8700 1.7116 
32 	 35.7180 1.8650 	 39.9240 1.8186 	 35.7220 1.8787 	 37.5240 1.4844 	 31.3920 1.4464 	 31.4040 1.4414 
33 	 36.2000 2.0362 	 39.4800 1.6875 	 36.2060 2.0316 	 36.7640 1.4513 	 31.9520 1.2041 	 31.9680 1.1986 
34 	 41.1020 1.8808 	 41.9160 1.8189 	 41.1100 1.8726 	 40.0060 1.8485 	 35.8300 1.3988 	 35.8400 1.3912 
35 	 36.5100 1.7630 	 34.6580 1.6407 	 36.5080 1.7637 	 31.9760 1.1906 	 27.0500 1.0729 	 27.0760 1.0689 
36 	 32.5640 1.6314 	 36.9040 1.6299 	 32.5620 1.6334 	 34.6540 1.2980 	 30.7540 1.2233 	 30.7820 1.2323 
37 	 38.9200 1.7249 	 39.7000 1.7123 	 38.9300 1.7278 	 37.9920 1.4907 	 33.4520 1.4012 	 33.4380 1.4024 
38 	 37.0860 1.4975 	 35.1320 1.4741 	 37.0880 1.4900 	 31.9800 1.3124 	 27.2040 1.1973 	 27.1980 1.2055 
39 	 34.5940 1.8810 	 39.9580 1.6763 	 34.6000 1.8850 	 38.0720 1.7321 	 33.5560 1.4018 	 33.5600 1.3999 
40 	 42.8220 1.8102 	 47.9260 1.9392 	 42.8160 1.8130 	 46.6660 1.7148 	 42.3000 1.4881 	 42.3000 1.4881 
41 	 35.7920 1.8166 	 39.5600 1.7389 	 35.7920 1.8059 	 37.7480 1.4430 	 31.9720 1.3466 	 31.9740 1.3405 
42 	 31.2780 1.8532 	 36.8940 1.6403 	 31.2860 1.8533 	 34.7060 1.5923 	 30.3920 1.2823 	 30.3920 1.2817 
43 	 39.1140 2.1370 	 40.6700 2.0315 	 39.1240 2.1337 	 38.7280 1.6212 	 33.3340 1.4436 	 33.3480 1.4387 
44 	 36.6640 1.8976 	 39.5360 1.7677 	 36.6740 1.8969 	 37.1760 1.4120 	 31.8600 1.3566 	 31.8760 1.3305 
45 	 37.7020 2.0344 	 40.5880 1.9951 	 37.7280 2.0541 	 38.6400 1.7181 	 33.8240 1.3793 	 33.8220 1.3683 
