"flag" "cohens.d" "r2" "flag" "cohens.d" "r2" "flag" "cohens.d" "r2" "flag" "cohens.d" "r2"
"1" 1 1 0.810989988638069 1 1 0.808270155325444 0 -1 0.0139966694421316 0 -1 0.0173254901960784
"2" 1 1 0.880365008730919 1 1 0.798652295987682 1 0 0.169316734221193 1 0 0.202900049236829
"3" 1 1 0.854357594779056 1 1 0.777139325189063 0 -1 0.0266213921901528 0 -1 0.010368
"4" 1 1 0.782520971302428 1 1 0.731300700680943 0 -1 0.0558730158730159 0 -1 0.020506329113924
"5" 1 1 0.825841448288602 1 1 0.72243241025641 0 0 0.0606087877183695 1 0 0.113153101878201
"6" 1 1 0.859437765205092 1 1 0.830419204162478 1 0 0.29387811634349 1 0 0.303301237964236
"7" 1 1 0.601130608175473 1 0 0.128333333333333 -1 -1 0.235286743131502 -1 -1 0.459467895843442
"8" 1 1 0.790317587939698 1 1 0.623333333333333 0 -1 0.0175417298937784 -1 -1 0.109645590012082
"9" 1 1 0.8607245097663 1 1 0.781273792093704 1 0 0.194711538461538 1 0 0.0997587131367292
"10" 1 1 0.767358264488869 1 1 0.71940243578556 0 -1 0.00730798479087452 0 -1 0.000565247732030705
"11" 1 1 0.843782541436464 1 1 0.789294704274428 0 0 0.0648961424332345 1 0 0.149293286219081
"12" 1 1 0.500854819172867 1 1 0.465977597255159 0 -1 0.0183016105417277 0 -1 0.0135855988243938
"13" 1 1 0.863914801301647 1 1 0.847690353986983 1 0 0.312604856512141 1 0 0.194879773691655
"14" 1 1 0.887720273549526 1 1 0.823557317226626 1 1 0.478468550592525 1 1 0.523552453849617
"15" 1 1 0.863840031834461 1 1 0.860705553615089 1 0 0.342466747279323 1 1 0.416106958021852
"16" 1 1 0.790343422235541 1 1 0.708417169684775 0 -1 0.021183879093199 0 -1 0.00504499100179964
"17" 1 1 0.806584362139918 1 1 0.751303803629789 1 0 0.18182385035074 1 0 0.0928397212543554
"18" 1 1 0.876199502796768 1 1 0.851034032346166 1 1 0.450874524714829 1 1 0.483184357541899
"19" 1 1 0.776542120849348 1 1 0.714082685349142 0 -1 0.0617810218978103 0 -1 0.00423817863397549
"20" 1 1 0.804741836763343 1 1 0.790033283299615 1 0 0.0994336283185841 1 0 0.0757244825124911
"21" 1 1 0.500920140374904 1 0 0.248965478211658 0 -1 8.45451471085554e-05 0 -1 0.00931629196181091
"22" 1 1 0.826843278552543 1 1 0.811350471939118 1 0 0.236778523489933 1 1 0.424952581664911
"23" 1 1 0.609664308294445 1 0 0.180373387644263 1 0 0.171417979610751 0 0 0.0504949381327334
"24" 1 1 0.823408741238817 1 1 0.733000170852554 1 0 0.25255967496191 1 0 0.229669007021063
"25" 1 1 0.910246758401694 1 1 0.883568063677713 1 1 0.432240085744909 1 1 0.481583514099783
"26" 1 1 0.716995950654487 1 1 0.55271911663216 0 -1 0.0001148691767709 -1 -1 0.104736842105263
"27" 1 1 0.840746027905476 1 1 0.822636982034735 1 1 0.458311386522076 1 1 0.469219219219219
"28" 1 1 0.850774480018696 1 1 0.803926567906211 1 1 0.465894206549119 1 1 0.545260915867945
"29" 1 1 0.857945767587461 1 1 0.762403333021253 0 -1 0.0232241076653014 0 -1 0.00128939828080229
"30" 1 1 0.904982692802184 1 1 0.876612260923215 1 0 0.304729637234771 1 0 0.388311981914092
"31" 1 1 0.484168055480888 1 0 0.376498921639109 0 -1 0.00587032033963718 -1 -1 0.169836956521739
"32" 1 1 0.862838271737959 1 1 0.801207226936764 0 -1 0.000218446601941749 0 -1 0.00348714568226762
"33" 1 1 0.806547986042888 1 1 0.793846288668828 0 -1 3.28947368421042e-05 0 -1 0.00114104595879556
"34" 1 1 0.697612681715246 1 1 0.494469555809341 0 -1 0.00321904761904762 0 0 0.0520990566037736
"35" 1 1 0.82488408287669 1 1 0.750663969448331 1 0 0.117647058823529 1 0 0.30625
"36" 1 1 0.544258465178175 0 -1 0.0238765884973143 1 0 0.27264768683274 0 -1 0.0338086476540938
"37" 1 1 0.820973558602925 1 1 0.658431498320945 1 0 0.199264864864865 1 0 0.227147030185005
"38" 1 1 0.842642727456123 1 1 0.814973358079387 1 0 0.241131221719457 1 0 0.154567360350493
"39" 1 1 0.799995399196393 1 1 0.7460257918765 1 0 0.217635467980296 1 0 0.242321193505924
"40" 1 1 0.616063522617902 1 0 0.263903090423502 -1 -1 0.100804195804196 -1 -1 0.504591864591864
"41" 1 1 0.729449474451036 1 1 0.584403387746739 1 0 0.137292534444088 1 0 0.303867420672322
"42" 1 1 0.698486303156796 1 0 0.336471411650694 1 0 0.313573446327684 1 0 0.271050521251002
"43" 1 1 0.743566328069999 1 0 0.389522954603744 1 0 0.270223325062035 1 0 0.199909502262443
"44" 1 1 0.811136351402272 1 1 0.708117419853225 1 0 0.309980006664445 1 0 0.138067415730337
"45" 1 1 0.674279127251985 1 1 0.503940862130388 1 0 0.264609342703597 1 0 0.246786632390745
