Task 	 PA 	 PA_NV 	 PA_SL 	 HetOTL 	 HetOTL_SL 	 OTLHS 
1 	 49.9040 2.1930 	 43.2000 1.8852 	 49.9040 2.1930 	 45.1800 2.0921 	 38.7420 1.6174 	 38.8580 1.7007 
2 	 50.1340 2.2851 	 35.9220 1.5271 	 49.6360 2.2101 	 38.0920 1.8450 	 31.5540 1.6148 	 31.7320 1.6390 
3 	 50.3400 2.2607 	 39.5200 2.0763 	 50.3240 2.2732 	 42.1700 2.0202 	 35.7360 1.6925 	 35.9480 1.6797 
4 	 50.0800 2.0044 	 44.9860 1.9391 	 50.0800 2.0044 	 46.4680 1.8788 	 39.8980 1.7612 	 40.0540 1.7585 
5 	 49.9940 2.1054 	 41.0020 1.7971 	 49.9400 2.1079 	 42.7340 1.8207 	 36.6840 1.7505 	 36.8400 1.7546 
6 	 50.6180 2.3066 	 36.1880 1.6843 	 50.5180 2.2882 	 38.6100 1.6518 	 30.9640 1.4676 	 31.1180 1.5155 
7 	 50.1160 2.3395 	 44.8680 1.9184 	 50.1080 2.3511 	 45.9860 1.9163 	 41.7360 1.8503 	 41.8000 1.8135 
8 	 49.9400 2.0549 	 43.4200 1.7369 	 49.9400 2.0549 	 45.4940 1.8827 	 38.6680 1.8596 	 38.9500 1.8178 
9 	 50.1460 2.0465 	 38.8480 1.6688 	 50.1340 2.0458 	 41.6840 1.7522 	 34.2300 1.4020 	 34.4220 1.5042 
10 	 50.2420 2.2221 	 42.2280 1.8729 	 50.2420 2.2221 	 44.3020 2.0830 	 38.8380 1.6528 	 38.9920 1.7312 
11 	 50.3300 2.3621 	 36.8280 1.4796 	 50.1940 2.3507 	 38.7640 1.7935 	 31.3580 1.5155 	 31.4180 1.4905 
12 	 50.1060 2.1281 	 42.0620 1.9837 	 50.1060 2.1281 	 43.7480 2.1807 	 36.1680 1.4167 	 36.4340 1.4316 
13 	 49.7680 2.2205 	 40.9220 1.6658 	 49.7680 2.2205 	 42.6680 1.9046 	 35.8120 1.3724 	 36.0400 1.3556 
14 	 50.2080 2.0747 	 36.9960 1.6285 	 49.7240 2.0356 	 39.0720 1.6415 	 31.9660 1.7226 	 32.2000 1.7452 
15 	 50.6420 2.4523 	 37.3940 1.5895 	 50.5820 2.4378 	 39.6200 1.8470 	 31.9160 1.6333 	 32.1360 1.6551 
16 	 49.9620 2.5358 	 44.6580 2.1056 	 49.9620 2.5358 	 45.8020 2.1867 	 39.3880 1.5701 	 39.6040 1.5437 
17 	 50.0200 2.1587 	 39.8980 1.8163 	 50.0200 2.1587 	 42.1100 1.8548 	 36.1800 1.6727 	 36.4440 1.7180 
18 	 49.8180 2.5504 	 38.0920 1.6006 	 49.8100 2.5526 	 40.6700 1.7939 	 34.0620 1.6798 	 34.2920 1.7147 
19 	 49.9940 2.2701 	 36.8540 1.7108 	 49.8720 2.2487 	 39.3860 1.6681 	 31.5500 1.6763 	 31.7380 1.6711 
20 	 49.7560 2.1793 	 40.4540 1.8405 	 49.7560 2.1793 	 42.4700 1.9186 	 36.4940 1.8441 	 36.6480 1.7764 
21 	 50.0720 2.0206 	 42.7400 1.7894 	 50.0260 2.0356 	 44.9400 1.9514 	 40.0320 1.6568 	 40.1660 1.6377 
22 	 49.8720 2.2363 	 35.5000 1.6087 	 49.8720 2.2363 	 37.4580 1.7406 	 30.3080 1.4849 	 30.5480 1.5169 
23 	 49.8200 2.1890 	 38.8780 1.9388 	 49.4280 2.1320 	 41.0220 1.9067 	 36.2820 1.9637 	 36.4920 1.9630 
24 	 50.0440 2.3318 	 34.8680 1.7142 	 49.8840 2.2853 	 37.6140 1.7627 	 30.4820 1.5661 	 30.5980 1.5989 
25 	 50.0820 2.0855 	 36.1580 1.5288 	 50.0780 2.0796 	 38.2360 1.7116 	 30.3280 1.3305 	 30.5360 1.3701 
26 	 49.8600 2.1442 	 41.7480 1.9400 	 49.8580 2.1447 	 44.1360 1.9370 	 38.3580 1.8038 	 38.6000 1.8458 
27 	 50.3080 2.0031 	 40.9680 1.7386 	 50.3080 2.0031 	 43.8240 1.8635 	 37.2900 1.9555 	 37.5300 1.9681 
28 	 50.1940 2.4179 	 27.5780 1.5069 	 49.7040 2.3795 	 29.8560 1.5205 	 22.6340 1.0984 	 22.8540 1.0958 
29 	 50.0940 2.3815 	 40.5840 1.6829 	 50.0920 2.3823 	 42.9560 2.0389 	 36.4520 1.6257 	 36.5780 1.6672 
30 	 50.5180 2.0683 	 33.4040 1.6682 	 50.1180 2.0820 	 35.5580 1.9064 	 27.8060 1.4163 	 28.0520 1.5201 
31 	 49.9100 2.2857 	 46.3820 2.0253 	 49.9080 2.2850 	 47.9000 2.0921 	 41.8740 1.7840 	 41.9860 1.7774 
32 	 49.7420 2.4353 	 39.9240 1.8186 	 49.7080 2.4127 	 42.0800 2.0241 	 34.2920 1.7536 	 34.4320 1.7481 
33 	 50.3340 2.0724 	 39.4800 1.6875 	 50.3340 2.0724 	 41.5740 1.6127 	 34.9520 1.6700 	 35.1920 1.6643 
34 	 50.2120 2.2953 	 41.9160 1.8189 	 50.1820 2.2940 	 43.9260 2.1097 	 37.8680 1.9278 	 38.0360 1.8979 
35 	 49.8900 2.5302 	 34.6580 1.6407 	 49.8900 2.5302 	 36.1780 1.7117 	 29.3260 1.4776 	 29.5880 1.4691 
36 	 50.5300 2.2284 	 36.9040 1.6299 	 50.1540 2.2045 	 39.1720 1.6636 	 34.2660 1.5123 	 34.4860 1.4878 
37 	 50.2140 2.1349 	 39.7000 1.7123 	 50.1640 2.1353 	 42.4640 1.7447 	 35.3360 1.6784 	 35.4340 1.6973 
38 	 50.4880 2.5947 	 35.1320 1.4741 	 50.4820 2.5945 	 37.3660 1.7287 	 30.3740 1.6652 	 30.5960 1.6583 
39 	 50.2160 2.1781 	 39.9580 1.6763 	 50.2140 2.1761 	 42.7680 1.7013 	 36.2960 1.5339 	 36.4760 1.5484 
40 	 50.2960 2.3537 	 47.9260 1.9392 	 50.2880 2.3457 	 48.5480 2.0989 	 43.5560 1.7906 	 43.7500 1.8491 
41 	 50.2760 2.1227 	 39.5600 1.7389 	 50.2760 2.1227 	 42.2040 1.7650 	 34.3000 1.6919 	 34.4860 1.7320 
42 	 49.9860 1.8580 	 36.8940 1.6403 	 49.6060 1.8305 	 39.7720 1.6421 	 33.3240 1.5512 	 33.4700 1.5333 
43 	 50.1100 2.3578 	 40.6700 2.0315 	 50.0720 2.3612 	 43.2260 2.0292 	 36.5700 1.5409 	 36.7280 1.5908 
44 	 50.1220 2.2865 	 39.5360 1.7677 	 50.1220 2.2865 	 41.7800 1.9363 	 34.6120 1.5842 	 34.8220 1.5554 
45 	 50.2020 2.1730 	 40.5880 1.9951 	 50.2000 2.1700 	 43.3520 2.0660 	 37.1760 1.7024 	 37.3080 1.7213 
