Task 	 PA 	 PA_NV 	 PA_SL 	 HetOTL 	 HetOTL_SL 	 OTLHS 
1 	 76.7200 2.1681 	 77.6700 2.1334 	 93.3580 1.5083 	 154.5200 4.5253 	 258.3600 4.8929 	 258.8280 4.9306 
2 	 71.6040 2.2748 	 73.0640 1.8131 	 89.9480 1.7008 	 147.9440 3.6475 	 254.5960 4.2143 	 255.1120 4.4304 
3 	 73.4980 2.1648 	 76.8260 1.9601 	 91.6760 1.5162 	 154.1600 3.8320 	 247.8360 4.7244 	 248.4360 4.4684 
4 	 76.4120 1.9967 	 79.4080 1.8111 	 93.3140 1.4897 	 157.3840 3.8330 	 264.0120 4.7603 	 264.4120 4.7193 
5 	 72.8040 2.2316 	 76.9880 1.8306 	 91.3940 1.7413 	 153.7280 3.6897 	 258.8080 4.5540 	 259.4440 4.6761 
6 	 73.1360 1.9130 	 72.9240 1.7400 	 91.5360 1.5044 	 147.7000 3.0534 	 243.0440 4.3339 	 243.9440 3.9639 
7 	 72.5300 2.2667 	 80.6120 1.7516 	 92.1720 1.5720 	 159.3400 3.6098 	 288.4360 4.0947 	 288.3720 4.2455 
8 	 74.3180 1.7914 	 79.7280 1.7495 	 93.0580 1.4992 	 156.7760 3.9129 	 279.4240 4.4175 	 279.4240 4.4449 
9 	 73.6440 2.2411 	 76.1220 1.9307 	 92.0260 1.5971 	 153.0800 3.9457 	 254.4640 4.6657 	 255.3800 4.5937 
10 	 76.0660 2.2140 	 77.0300 1.8338 	 93.1140 1.4796 	 155.1880 3.6680 	 260.0080 4.3733 	 260.5600 4.6751 
11 	 73.3700 2.2346 	 74.2460 1.6312 	 91.4580 1.6873 	 149.9280 3.8494 	 248.8520 4.9432 	 249.0040 5.1704 
12 	 76.2080 2.1078 	 78.5060 1.9454 	 93.5780 1.4603 	 155.0040 4.1396 	 260.7760 4.7560 	 261.4360 4.9902 
13 	 74.6960 1.9186 	 79.3540 1.7940 	 92.8740 1.6677 	 157.1800 3.8140 	 264.6440 4.7797 	 265.0120 4.6368 
14 	 71.5280 2.2064 	 74.5420 2.0196 	 90.2320 1.7756 	 152.0600 3.5946 	 255.9960 5.1966 	 256.3360 5.3366 
15 	 73.3020 2.3142 	 75.2280 2.0275 	 91.6240 1.7073 	 152.3640 3.9176 	 255.3320 4.6283 	 256.1080 4.7205 
16 	 75.8020 2.4033 	 80.6400 1.9322 	 93.2780 1.6517 	 157.9960 3.9702 	 267.4160 4.9343 	 267.6240 4.8328 
17 	 74.4160 2.1647 	 76.6020 2.0342 	 92.8440 1.5363 	 155.4400 3.8333 	 269.2520 4.4432 	 269.2960 4.6363 
18 	 74.0180 2.1531 	 75.8880 1.7806 	 92.2480 1.6424 	 154.2400 3.8371 	 258.0560 4.3514 	 258.0760 4.3798 
19 	 72.5120 2.1937 	 74.5940 1.8516 	 91.0540 1.6958 	 150.6160 3.9325 	 241.3040 4.6250 	 241.8320 4.8346 
20 	 74.4100 2.2674 	 77.2900 1.9017 	 92.2940 1.7159 	 154.1920 3.9313 	 260.5440 4.5225 	 260.9800 4.3889 
21 	 73.0660 1.8708 	 80.9540 1.5977 	 91.8020 1.3770 	 159.8960 3.5376 	 287.8600 4.8740 	 287.9240 4.8508 
22 	 75.1580 2.1590 	 75.2520 1.7808 	 92.7020 1.5019 	 149.3560 3.8576 	 233.1760 5.0388 	 234.3240 4.7525 
23 	 71.4400 2.1301 	 77.7560 1.7036 	 90.4260 1.5829 	 155.3760 3.7183 	 282.1000 4.7207 	 281.7240 4.6103 
24 	 72.4900 2.3643 	 75.3360 1.7809 	 91.0480 1.6041 	 151.7840 3.7736 	 252.0640 4.9514 	 252.2920 4.7763 
25 	 74.3320 1.9520 	 75.4780 1.8865 	 92.2280 1.4680 	 150.0800 3.5455 	 244.6120 5.0684 	 245.4000 5.1008 
26 	 74.4940 2.2366 	 80.4040 1.7380 	 93.0900 1.4799 	 159.6760 3.5045 	 286.1520 3.7583 	 286.1160 3.6591 
27 	 75.5260 2.0685 	 81.0080 1.4653 	 93.4740 1.4269 	 160.8240 3.0201 	 275.6400 4.0596 	 275.9200 4.2408 
28 	 71.9860 2.1761 	 66.1100 1.9826 	 90.0980 1.7603 	 137.1200 4.0093 	 215.3280 5.7985 	 216.1640 5.6982 
29 	 73.3180 2.4037 	 77.5500 1.8096 	 92.7800 1.7504 	 155.5960 3.7543 	 263.4400 5.2570 	 263.7160 5.2645 
30 	 72.2740 2.1177 	 72.3920 1.7272 	 90.7480 1.4190 	 148.2240 3.7426 	 240.3680 5.2415 	 241.0920 5.4231 
31 	 76.0720 2.0776 	 80.9360 1.8001 	 93.6100 1.4794 	 158.3200 3.5373 	 283.6000 4.7329 	 283.3200 4.5634 
32 	 73.0560 2.4470 	 77.2400 1.9240 	 91.3940 1.8009 	 154.2880 3.8101 	 259.5040 4.3848 	 259.8200 4.6347 
33 	 74.6680 2.2628 	 75.8340 2.0287 	 92.6640 1.6726 	 153.3760 3.9738 	 254.2280 5.1039 	 255.0120 5.1541 
34 	 73.5500 2.1928 	 78.0120 1.8789 	 92.1100 1.7547 	 156.4480 3.4956 	 272.6120 5.0735 	 273.4240 5.0722 
35 	 74.2280 2.4841 	 71.4180 1.9330 	 92.4100 1.6902 	 145.6560 4.0693 	 228.9000 4.8623 	 229.3920 5.2325 
36 	 72.2060 2.2515 	 72.9880 1.7895 	 91.2440 1.4734 	 149.7640 3.7264 	 274.4400 4.7572 	 274.2600 4.5317 
37 	 73.0620 2.2426 	 76.2000 2.0615 	 91.7660 1.5141 	 154.4480 3.5878 	 260.9800 4.8102 	 261.2480 4.7193 
38 	 74.7600 2.3312 	 72.9620 1.8973 	 92.8980 1.6032 	 147.6920 4.3699 	 241.3160 4.7425 	 241.9320 4.8098 
39 	 74.2120 2.0579 	 76.8980 1.7804 	 92.4040 1.5684 	 154.2240 3.4284 	 261.5720 4.4543 	 261.7000 4.4091 
40 	 73.4020 2.3285 	 83.7000 1.4235 	 92.7140 1.4848 	 162.9920 3.1820 	 294.8000 4.6700 	 294.2800 4.6281 
41 	 74.9120 2.1444 	 78.5300 1.7159 	 92.8540 1.6865 	 154.2280 3.7481 	 262.7200 4.4433 	 263.2760 4.5524 
42 	 71.8420 2.0474 	 76.3040 1.6197 	 90.3040 1.5041 	 153.8680 3.3249 	 266.3960 4.3064 	 266.7280 4.3745 
43 	 72.8560 2.2915 	 79.0580 1.7708 	 91.9020 1.3750 	 156.9080 3.6073 	 280.5920 4.4172 	 281.2080 4.4691 
44 	 74.5820 2.1831 	 77.9420 1.6089 	 92.9060 1.7024 	 154.9680 3.5999 	 270.1360 5.0578 	 270.4680 5.2702 
45 	 74.4800 2.2504 	 78.2360 1.6912 	 93.0440 1.6836 	 156.9520 3.6100 	 274.0480 4.9047 	 274.0040 5.1953 
