Task 	 PA 	 PA_NV 	 PA_SL 	 HetOTL 	 HetOTL_SL 	 OTLHS 
1 	 0.0051 0.0006 	 0.0110 0.0013 	 0.0090 0.0008 	 0.0146 0.0017 	 0.0301 0.0031 	 0.0301 0.0029 
2 	 0.0050 0.0006 	 0.0107 0.0013 	 0.0091 0.0012 	 0.0143 0.0017 	 0.0298 0.0030 	 0.0301 0.0038 
3 	 0.0052 0.0008 	 0.0112 0.0019 	 0.0091 0.0014 	 0.0148 0.0021 	 0.0305 0.0034 	 0.0307 0.0044 
4 	 0.0051 0.0006 	 0.0111 0.0010 	 0.0090 0.0009 	 0.0148 0.0014 	 0.0311 0.0017 	 0.0311 0.0026 
5 	 0.0051 0.0005 	 0.0109 0.0009 	 0.0090 0.0008 	 0.0146 0.0013 	 0.0312 0.0026 	 0.0309 0.0017 
6 	 0.0052 0.0007 	 0.0110 0.0016 	 0.0091 0.0011 	 0.0148 0.0022 	 0.0307 0.0031 	 0.0309 0.0044 
7 	 0.0051 0.0001 	 0.0111 0.0007 	 0.0095 0.0002 	 0.0148 0.0008 	 0.0328 0.0018 	 0.0325 0.0004 
8 	 0.0051 0.0003 	 0.0110 0.0009 	 0.0091 0.0006 	 0.0145 0.0003 	 0.0318 0.0008 	 0.0317 0.0014 
9 	 0.0051 0.0008 	 0.0111 0.0015 	 0.0091 0.0013 	 0.0147 0.0017 	 0.0314 0.0037 	 0.0310 0.0036 
10 	 0.0051 0.0005 	 0.0109 0.0012 	 0.0090 0.0008 	 0.0151 0.0055 	 0.0309 0.0027 	 0.0306 0.0025 
11 	 0.0052 0.0008 	 0.0111 0.0016 	 0.0092 0.0014 	 0.0145 0.0016 	 0.0312 0.0043 	 0.0305 0.0031 
12 	 0.0052 0.0008 	 0.0111 0.0016 	 0.0093 0.0015 	 0.0144 0.0015 	 0.0309 0.0041 	 0.0304 0.0037 
13 	 0.0051 0.0006 	 0.0110 0.0014 	 0.0093 0.0012 	 0.0146 0.0018 	 0.0309 0.0036 	 0.0306 0.0036 
14 	 0.0051 0.0006 	 0.0108 0.0012 	 0.0090 0.0010 	 0.0145 0.0017 	 0.0306 0.0031 	 0.0303 0.0028 
15 	 0.0052 0.0006 	 0.0111 0.0015 	 0.0092 0.0011 	 0.0148 0.0023 	 0.0314 0.0035 	 0.0310 0.0034 
16 	 0.0052 0.0008 	 0.0113 0.0020 	 0.0091 0.0014 	 0.0150 0.0021 	 0.0311 0.0041 	 0.0309 0.0039 
17 	 0.0051 0.0003 	 0.0108 0.0006 	 0.0093 0.0006 	 0.0145 0.0009 	 0.0311 0.0006 	 0.0310 0.0017 
18 	 0.0052 0.0008 	 0.0111 0.0017 	 0.0093 0.0014 	 0.0147 0.0023 	 0.0312 0.0044 	 0.0307 0.0042 
19 	 0.0051 0.0006 	 0.0109 0.0013 	 0.0091 0.0012 	 0.0145 0.0019 	 0.0299 0.0037 	 0.0296 0.0034 
20 	 0.0053 0.0008 	 0.0112 0.0015 	 0.0094 0.0015 	 0.0149 0.0020 	 0.0315 0.0037 	 0.0313 0.0039 
21 	 0.0051 0.0007 	 0.0112 0.0013 	 0.0096 0.0012 	 0.0147 0.0011 	 0.0322 0.0033 	 0.0320 0.0029 
22 	 0.0051 0.0008 	 0.0109 0.0015 	 0.0091 0.0013 	 0.0143 0.0016 	 0.0294 0.0036 	 0.0289 0.0030 
23 	 0.0051 0.0005 	 0.0109 0.0011 	 0.0099 0.0016 	 0.0148 0.0018 	 0.0325 0.0050 	 0.0322 0.0037 
24 	 0.0052 0.0007 	 0.0111 0.0013 	 0.0093 0.0013 	 0.0147 0.0014 	 0.0310 0.0030 	 0.0307 0.0029 
25 	 0.0051 0.0006 	 0.0109 0.0012 	 0.0090 0.0010 	 0.0147 0.0020 	 0.0308 0.0039 	 0.0303 0.0031 
26 	 0.0052 0.0008 	 0.0113 0.0018 	 0.0098 0.0015 	 0.0151 0.0024 	 0.0328 0.0049 	 0.0325 0.0044 
27 	 0.0051 0.0008 	 0.0110 0.0012 	 0.0093 0.0010 	 0.0147 0.0017 	 0.0306 0.0030 	 0.0306 0.0035 
28 	 0.0052 0.0009 	 0.0108 0.0019 	 0.0092 0.0016 	 0.0144 0.0022 	 0.0293 0.0043 	 0.0293 0.0045 
29 	 0.0052 0.0008 	 0.0110 0.0017 	 0.0093 0.0014 	 0.0146 0.0020 	 0.0305 0.0041 	 0.0302 0.0038 
30 	 0.0053 0.0008 	 0.0110 0.0015 	 0.0092 0.0016 	 0.0150 0.0025 	 0.0311 0.0048 	 0.0308 0.0045 
31 	 0.0052 0.0007 	 0.0110 0.0014 	 0.0094 0.0013 	 0.0145 0.0015 	 0.0310 0.0032 	 0.0309 0.0034 
32 	 0.0051 0.0007 	 0.0109 0.0015 	 0.0092 0.0012 	 0.0146 0.0019 	 0.0303 0.0038 	 0.0300 0.0038 
33 	 0.0051 0.0007 	 0.0109 0.0015 	 0.0093 0.0013 	 0.0145 0.0016 	 0.0305 0.0035 	 0.0302 0.0033 
34 	 0.0051 0.0008 	 0.0108 0.0014 	 0.0094 0.0015 	 0.0144 0.0017 	 0.0307 0.0033 	 0.0309 0.0039 
35 	 0.0051 0.0008 	 0.0108 0.0017 	 0.0092 0.0013 	 0.0145 0.0024 	 0.0296 0.0043 	 0.0294 0.0043 
36 	 0.0052 0.0008 	 0.0110 0.0016 	 0.0098 0.0016 	 0.0148 0.0023 	 0.0321 0.0042 	 0.0322 0.0050 
37 	 0.0052 0.0009 	 0.0111 0.0017 	 0.0094 0.0015 	 0.0147 0.0021 	 0.0307 0.0034 	 0.0310 0.0042 
38 	 0.0051 0.0006 	 0.0109 0.0013 	 0.0091 0.0010 	 0.0145 0.0016 	 0.0303 0.0036 	 0.0298 0.0027 
39 	 0.0052 0.0007 	 0.0111 0.0014 	 0.0094 0.0013 	 0.0149 0.0019 	 0.0319 0.0037 	 0.0315 0.0034 
40 	 0.0051 0.0006 	 0.0111 0.0010 	 0.0095 0.0010 	 0.0146 0.0015 	 0.0316 0.0021 	 0.0317 0.0034 
41 	 0.0051 0.0006 	 0.0112 0.0014 	 0.0094 0.0008 	 0.0148 0.0013 	 0.0320 0.0033 	 0.0316 0.0025 
42 	 0.0053 0.0010 	 0.0113 0.0019 	 0.0096 0.0017 	 0.0151 0.0025 	 0.0319 0.0050 	 0.0320 0.0056 
43 	 0.0051 0.0003 	 0.0109 0.0007 	 0.0093 0.0001 	 0.0146 0.0009 	 0.0318 0.0019 	 0.0316 0.0023 
44 	 0.0051 0.0006 	 0.0109 0.0010 	 0.0094 0.0010 	 0.0147 0.0016 	 0.0312 0.0028 	 0.0312 0.0032 
45 	 0.0052 0.0009 	 0.0112 0.0018 	 0.0096 0.0015 	 0.0149 0.0024 	 0.0321 0.0054 	 0.0313 0.0041 
