Task 	 PA 	 PA_NV 	 PA_SL 	 HetOTL 	 HetOTL_SL 	 OTLHS 
1 	 100.0000 0.0000 	 77.6700 2.1334 	 100.0000 0.0000 	 188.4960 2.5824 	 310.7240 5.0675 	 311.0640 5.1210 
2 	 100.0000 0.0000 	 73.0640 1.8131 	 100.0000 0.0000 	 180.4040 3.1220 	 309.5760 5.0892 	 309.9840 5.1253 
3 	 100.0000 0.0000 	 76.8260 1.9601 	 100.0000 0.0000 	 185.9920 2.7753 	 301.2480 4.7343 	 301.6440 4.7215 
4 	 100.0000 0.0000 	 79.4080 1.8111 	 100.0000 0.0000 	 189.5440 2.2100 	 314.9360 4.5989 	 315.3160 4.5452 
5 	 100.0000 0.0000 	 76.9880 1.8306 	 100.0000 0.0000 	 185.4240 2.5294 	 311.6320 5.1758 	 311.9600 5.1255 
6 	 100.0000 0.0000 	 72.9240 1.7400 	 100.0000 0.0000 	 177.7840 2.5256 	 295.9960 4.8186 	 296.2720 4.7140 
7 	 100.0000 0.0000 	 80.6120 1.7516 	 100.0000 0.0000 	 189.8840 1.9820 	 344.6960 4.0452 	 344.8520 3.9751 
8 	 100.0000 0.0000 	 79.7280 1.7495 	 100.0000 0.0000 	 189.4560 2.2908 	 331.4320 4.4745 	 331.5120 4.4830 
9 	 100.0000 0.0000 	 76.1220 1.9307 	 100.0000 0.0000 	 184.0040 2.7358 	 306.6360 4.9743 	 306.9760 5.1431 
10 	 100.0000 0.0000 	 77.0300 1.8338 	 100.0000 0.0000 	 185.7440 2.3990 	 308.4400 4.3716 	 308.7960 4.4718 
11 	 100.0000 0.0000 	 74.2460 1.6312 	 100.0000 0.0000 	 181.5880 2.5882 	 300.4920 5.1580 	 300.7520 5.1847 
12 	 100.0000 0.0000 	 78.5060 1.9454 	 100.0000 0.0000 	 187.1760 2.5169 	 321.3640 5.2730 	 321.7120 5.1946 
13 	 100.0000 0.0000 	 79.3540 1.7940 	 100.0000 0.0000 	 187.9400 2.6626 	 320.9320 5.1859 	 321.0720 5.1555 
14 	 100.0000 0.0000 	 74.5420 2.0196 	 100.0000 0.0000 	 183.4160 2.8531 	 306.4760 4.2737 	 306.6360 4.2606 
15 	 100.0000 0.0000 	 75.2280 2.0275 	 100.0000 0.0000 	 183.5600 2.6150 	 306.4160 4.7828 	 306.7680 4.6612 
16 	 100.0000 0.0000 	 80.6400 1.9322 	 100.0000 0.0000 	 190.2080 2.1360 	 323.1080 4.3784 	 323.2680 4.2818 
17 	 100.0000 0.0000 	 76.6020 2.0342 	 100.0000 0.0000 	 186.0360 2.4684 	 319.4760 4.1122 	 319.6080 4.0907 
18 	 100.0000 0.0000 	 75.8880 1.7806 	 100.0000 0.0000 	 183.6200 2.5185 	 309.1680 4.5182 	 309.2480 4.5416 
19 	 100.0000 0.0000 	 74.5940 1.8516 	 100.0000 0.0000 	 183.2400 2.5518 	 296.9200 4.8133 	 297.3960 4.8770 
20 	 100.0000 0.0000 	 77.2900 1.9017 	 100.0000 0.0000 	 185.0920 2.5469 	 313.5360 4.3446 	 313.6760 4.3215 
21 	 100.0000 0.0000 	 80.9540 1.5977 	 100.0000 0.0000 	 190.8000 2.1401 	 340.7760 3.9499 	 340.8640 3.9347 
22 	 100.0000 0.0000 	 75.2520 1.7808 	 100.0000 0.0000 	 182.1680 3.1538 	 292.8560 4.7608 	 293.1480 4.7239 
23 	 100.0000 0.0000 	 77.7560 1.7036 	 100.0000 0.0000 	 186.4320 2.2105 	 337.0560 4.4754 	 337.1960 4.4242 
24 	 100.0000 0.0000 	 75.3360 1.7809 	 100.0000 0.0000 	 183.1520 2.6638 	 300.7560 5.0060 	 300.9880 5.0287 
25 	 100.0000 0.0000 	 75.4780 1.8865 	 100.0000 0.0000 	 182.6800 2.9457 	 299.4160 5.1738 	 299.6280 5.2297 
26 	 100.0000 0.0000 	 80.4040 1.7380 	 100.0000 0.0000 	 190.8760 2.0338 	 341.3640 4.2218 	 341.5160 4.2211 
27 	 100.0000 0.0000 	 81.0080 1.4653 	 100.0000 0.0000 	 190.5480 2.2009 	 327.1520 4.5915 	 327.2120 4.5509 
28 	 100.0000 0.0000 	 66.1100 1.9826 	 100.0000 0.0000 	 168.8960 3.6373 	 270.1200 5.4708 	 270.4040 5.4900 
29 	 100.0000 0.0000 	 77.5500 1.8096 	 100.0000 0.0000 	 187.0200 2.2801 	 313.0640 4.5409 	 313.3680 4.5950 
30 	 100.0000 0.0000 	 72.3920 1.7272 	 100.0000 0.0000 	 179.7960 3.2239 	 292.7200 5.7357 	 293.0120 5.7373 
31 	 100.0000 0.0000 	 80.9360 1.8001 	 100.0000 0.0000 	 191.9240 1.8871 	 336.2840 4.0021 	 336.4560 4.0218 
32 	 100.0000 0.0000 	 77.2400 1.9240 	 100.0000 0.0000 	 186.5040 2.6445 	 312.7080 4.9648 	 312.9560 4.9668 
33 	 100.0000 0.0000 	 75.8340 2.0287 	 100.0000 0.0000 	 184.8000 3.0911 	 310.6800 5.4468 	 310.9440 5.5249 
34 	 100.0000 0.0000 	 78.0120 1.8789 	 100.0000 0.0000 	 187.5160 2.4022 	 327.5160 4.1741 	 327.7200 4.2997 
35 	 100.0000 0.0000 	 71.4180 1.9330 	 100.0000 0.0000 	 178.1560 3.3321 	 290.5720 5.2981 	 291.0880 5.5432 
36 	 100.0000 0.0000 	 72.9880 1.7895 	 100.0000 0.0000 	 182.5600 2.8687 	 328.6280 4.6756 	 328.8360 4.6373 
37 	 100.0000 0.0000 	 76.2000 2.0615 	 100.0000 0.0000 	 186.3680 2.3467 	 309.6800 4.7288 	 309.8840 4.6815 
38 	 100.0000 0.0000 	 72.9620 1.8973 	 100.0000 0.0000 	 179.3840 3.2088 	 292.4000 5.0880 	 292.6000 5.0837 
39 	 100.0000 0.0000 	 76.8980 1.7804 	 100.0000 0.0000 	 187.0960 2.3521 	 315.1360 5.0733 	 315.4920 5.0134 
40 	 100.0000 0.0000 	 83.7000 1.4235 	 100.0000 0.0000 	 193.4280 1.5109 	 351.6120 3.8293 	 351.7360 3.8928 
41 	 100.0000 0.0000 	 78.5300 1.7159 	 100.0000 0.0000 	 187.7680 2.2514 	 327.6160 4.4914 	 327.6840 4.4547 
42 	 100.0000 0.0000 	 76.3040 1.6197 	 100.0000 0.0000 	 185.3800 2.4555 	 319.7240 4.8949 	 319.7760 4.8550 
43 	 100.0000 0.0000 	 79.0580 1.7708 	 100.0000 0.0000 	 188.3200 2.3490 	 334.0160 4.7291 	 334.2600 4.8069 
44 	 100.0000 0.0000 	 77.9420 1.6089 	 100.0000 0.0000 	 187.3680 2.4718 	 321.1560 4.7794 	 321.3480 4.6978 
45 	 100.0000 0.0000 	 78.2360 1.6912 	 100.0000 0.0000 	 188.8400 2.0471 	 329.0800 4.2261 	 329.1400 4.2421 
