Task 	 PA 	 PA_NV 	 PA_SL 	 HetOTL 	 HetOTL_SL 	 OTLHS 
1 	 51.0180 0.6551 	 43.2000 1.8852 	 51.0180 0.6551 	 41.4900 1.7402 	 36.9280 1.4936 	 36.9340 1.4956 
2 	 32.7340 1.0754 	 35.9220 1.5271 	 32.7340 1.0754 	 33.4980 1.3870 	 29.1140 1.2987 	 29.1280 1.2941 
3 	 40.4840 1.0671 	 39.5200 2.0763 	 40.4840 1.0671 	 37.2200 1.5566 	 32.7740 1.2545 	 32.7820 1.2460 
4 	 48.6600 0.6878 	 44.9860 1.9391 	 48.6600 0.6878 	 43.5360 1.7489 	 38.0400 1.5604 	 38.0860 1.5493 
5 	 48.6620 0.7578 	 41.0020 1.7971 	 48.6640 0.7553 	 38.9400 1.5752 	 34.1700 1.4014 	 34.1740 1.3983 
6 	 50.3200 0.5401 	 36.1880 1.6843 	 50.3240 0.5437 	 33.6700 1.4501 	 28.5760 1.2887 	 28.5840 1.2892 
7 	 37.4920 1.1863 	 44.8680 1.9184 	 37.4880 1.1883 	 43.5440 1.7577 	 39.6820 1.6340 	 39.6840 1.6387 
8 	 47.6120 1.1144 	 43.4200 1.7369 	 47.6180 1.1116 	 41.5860 1.6353 	 36.3260 1.5204 	 36.3340 1.5179 
9 	 48.5300 0.7447 	 38.8480 1.6688 	 48.5280 0.7410 	 36.6840 1.3769 	 31.3600 1.3648 	 31.3700 1.3593 
10 	 51.4740 0.7573 	 42.2280 1.8729 	 51.4740 0.7573 	 40.6360 1.7584 	 36.9120 1.5581 	 36.9480 1.5657 
11 	 42.4640 0.7784 	 36.8280 1.4796 	 42.4640 0.7784 	 34.0400 1.3742 	 28.6940 1.1604 	 28.7080 1.1625 
12 	 48.6860 0.6626 	 42.0620 1.9837 	 48.6860 0.6626 	 39.8820 1.6717 	 33.9700 1.2894 	 33.9740 1.2985 
13 	 48.4960 0.9156 	 40.9220 1.6658 	 48.4940 0.9161 	 38.2700 1.3392 	 33.2660 1.3135 	 33.2820 1.3135 
14 	 33.3600 0.9665 	 36.9960 1.6285 	 33.3620 0.9701 	 34.2740 1.4455 	 29.2940 1.3006 	 29.2900 1.3047 
15 	 40.2300 0.9804 	 37.3940 1.5895 	 40.2280 0.9761 	 34.6880 1.2938 	 29.8460 1.1620 	 29.8500 1.1756 
16 	 48.1520 0.6917 	 44.6580 2.1056 	 48.1540 0.6939 	 43.0480 1.7508 	 37.5160 1.2502 	 37.5080 1.2708 
17 	 45.8240 0.9044 	 39.8980 1.8163 	 45.8580 0.9040 	 38.0220 1.7131 	 33.4700 1.3676 	 33.4680 1.3672 
18 	 46.4960 0.8634 	 38.0920 1.6006 	 46.5000 0.8639 	 35.9440 1.5053 	 31.3660 1.2459 	 31.3740 1.2571 
19 	 39.2480 1.1357 	 36.8540 1.7108 	 39.2440 1.1376 	 34.1020 1.4621 	 28.7540 1.3354 	 28.7800 1.3314 
20 	 48.4180 0.7265 	 40.4540 1.8405 	 48.4200 0.7284 	 38.6120 1.6879 	 34.3640 1.4838 	 34.3680 1.4787 
21 	 44.1540 0.9715 	 42.7400 1.7894 	 44.1580 0.9658 	 41.5600 1.7517 	 37.8320 1.4778 	 37.8460 1.4790 
22 	 47.8960 0.6688 	 35.5000 1.6087 	 47.8960 0.6688 	 32.5800 1.4035 	 27.5440 1.2795 	 27.5560 1.2724 
23 	 35.1860 1.1621 	 38.8780 1.9388 	 35.1880 1.1658 	 36.8720 1.4906 	 33.2760 1.4309 	 33.2800 1.4287 
24 	 38.8440 1.0192 	 34.8680 1.7142 	 38.8460 1.0205 	 32.0420 1.5051 	 27.7540 1.2249 	 27.7400 1.2327 
25 	 47.2380 0.7637 	 36.1580 1.5288 	 47.2400 0.7628 	 33.2200 1.1791 	 27.6940 1.0804 	 27.6780 1.0529 
26 	 46.5240 0.7595 	 41.7480 1.9400 	 46.5260 0.7573 	 39.8840 1.7545 	 35.2560 1.4590 	 35.2500 1.4468 
27 	 46.5040 0.9000 	 40.9680 1.7386 	 46.5020 0.9023 	 39.3600 1.7270 	 34.8580 1.4736 	 34.8660 1.4733 
28 	 49.7380 0.8009 	 27.5780 1.5069 	 49.7380 0.8009 	 24.2960 1.0615 	 20.1040 0.9400 	 20.1140 0.9395 
29 	 48.7640 1.3670 	 40.5840 1.6829 	 48.7680 1.3680 	 38.6360 1.4479 	 34.0580 1.6442 	 34.0720 1.6408 
30 	 50.2400 0.9312 	 33.4040 1.6682 	 50.2420 0.9317 	 29.9860 1.4019 	 25.3160 1.1690 	 25.3140 1.1614 
31 	 48.9640 0.7238 	 46.3820 2.0253 	 48.9680 0.7212 	 45.1220 1.9204 	 39.8500 1.7033 	 39.8720 1.7232 
32 	 39.3680 1.0726 	 39.9240 1.8186 	 39.3660 1.0724 	 37.5300 1.5013 	 31.3760 1.4468 	 31.3840 1.4444 
33 	 47.7040 0.8874 	 39.4800 1.6875 	 47.7040 0.8874 	 36.7600 1.4548 	 31.9520 1.2041 	 31.9700 1.2021 
34 	 45.9720 0.8209 	 41.9160 1.8189 	 45.9700 0.8196 	 40.0340 1.8133 	 35.8540 1.4007 	 35.8760 1.3928 
35 	 48.6580 0.5500 	 34.6580 1.6407 	 48.6580 0.5500 	 31.9820 1.1912 	 27.0500 1.0770 	 27.0740 1.0741 
36 	 37.8860 0.9828 	 36.9040 1.6299 	 37.8720 0.9870 	 34.6580 1.2966 	 30.7560 1.2182 	 30.7860 1.2238 
37 	 42.8520 1.1785 	 39.7000 1.7123 	 42.8520 1.1785 	 37.9880 1.4920 	 33.4480 1.4002 	 33.4320 1.3978 
38 	 49.4620 0.8508 	 35.1320 1.4741 	 49.4620 0.8508 	 31.9760 1.3139 	 27.1860 1.2058 	 27.1900 1.2099 
39 	 48.3440 0.6757 	 39.9580 1.6763 	 48.3480 0.6773 	 38.0700 1.7325 	 33.5560 1.4018 	 33.5600 1.3999 
40 	 43.7480 0.9006 	 47.9260 1.9392 	 43.7420 0.9035 	 46.7260 1.7248 	 42.3340 1.4913 	 42.3300 1.4938 
41 	 48.3780 0.6519 	 39.5600 1.7389 	 48.3780 0.6519 	 37.7480 1.4430 	 31.9720 1.3466 	 31.9740 1.3405 
42 	 34.4200 1.0600 	 36.8940 1.6403 	 34.4200 1.0627 	 34.7060 1.5907 	 30.3920 1.2754 	 30.3940 1.2740 
43 	 42.7800 1.0291 	 40.6700 2.0315 	 42.7780 1.0304 	 38.7280 1.6212 	 33.3280 1.4491 	 33.3500 1.4373 
44 	 48.6200 0.7730 	 39.5360 1.7677 	 48.6220 0.7748 	 37.1680 1.4303 	 31.8640 1.3603 	 31.8780 1.3360 
45 	 48.9720 0.9958 	 40.5880 1.9951 	 48.9660 0.9958 	 38.6400 1.7181 	 33.8380 1.3867 	 33.8320 1.3756 
