Task 	 PA 	 PA_NV 	 PA_SL 	 HetOTL 	 HetOTL_SL 	 OTLHS 
1 	 100.0000 0.0000 	 77.6700 2.1334 	 100.0000 0.0000 	 188.4280 2.5800 	 310.6160 5.1434 	 310.9520 5.1227 
2 	 96.2800 0.4841 	 73.0640 1.8131 	 96.4020 0.3830 	 176.7440 3.0175 	 302.2480 5.2490 	 302.5160 5.2951 
3 	 99.2000 0.2712 	 76.8260 1.9601 	 99.3420 0.2671 	 184.8080 2.7165 	 297.6160 5.0487 	 298.2120 5.0620 
4 	 99.9660 0.0755 	 79.4080 1.8111 	 100.0000 0.0000 	 189.5360 2.1958 	 314.3480 4.5003 	 314.7520 4.4706 
5 	 98.0140 0.4586 	 76.9880 1.8306 	 98.1020 0.4124 	 183.6560 2.6854 	 308.5480 5.0288 	 309.0040 4.9952 
6 	 97.1260 0.3558 	 72.9240 1.7400 	 97.2740 0.2977 	 175.7240 2.6507 	 290.6800 4.8387 	 291.0160 4.9333 
7 	 98.5720 0.4459 	 80.6120 1.7516 	 98.9240 0.4137 	 187.3120 2.0578 	 339.9480 4.2472 	 340.1320 4.1968 
8 	 99.6080 0.3240 	 79.7280 1.7495 	 99.8460 0.2027 	 188.3560 2.3268 	 329.0400 4.6554 	 329.1680 4.7184 
9 	 98.7120 0.3677 	 76.1220 1.9307 	 98.9240 0.3604 	 182.5120 2.7343 	 303.5000 4.9909 	 303.8560 5.0265 
10 	 99.9580 0.0819 	 77.0300 1.8338 	 99.9840 0.0545 	 185.5360 2.3707 	 308.3120 4.3705 	 308.7360 4.4722 
11 	 98.7880 0.3715 	 74.2460 1.6312 	 98.8760 0.3660 	 179.1800 2.5428 	 296.2200 4.6042 	 296.4480 4.6572 
12 	 99.9820 0.0575 	 78.5060 1.9454 	 100.0000 0.0000 	 187.1600 2.4954 	 321.3160 5.2559 	 321.6000 5.1048 
13 	 99.6460 0.2324 	 79.3540 1.7940 	 99.7120 0.2226 	 187.2160 2.6423 	 319.2040 5.1610 	 319.3560 5.1089 
14 	 97.2020 0.5668 	 74.5420 2.0196 	 97.3420 0.5236 	 178.5600 2.7939 	 296.7160 4.4854 	 296.9360 4.5366 
15 	 99.7500 0.2245 	 75.2280 2.0275 	 99.8500 0.1784 	 182.3920 2.5804 	 302.7520 4.9362 	 303.1240 4.9098 
16 	 99.9860 0.0513 	 80.6400 1.9322 	 99.9980 0.0200 	 190.0760 2.2054 	 322.3880 4.4518 	 322.5600 4.4698 
17 	 99.8440 0.1696 	 76.6020 2.0342 	 99.9120 0.1249 	 185.4760 2.5239 	 318.1320 4.3328 	 318.2280 4.3482 
18 	 99.9480 0.0969 	 75.8880 1.7806 	 99.9780 0.0690 	 183.3120 2.5559 	 308.3320 4.6293 	 308.4120 4.6399 
19 	 98.8480 0.3389 	 74.5940 1.8516 	 98.9660 0.3102 	 181.5400 2.6844 	 293.6520 4.8471 	 294.0920 4.7393 
20 	 99.2880 0.2833 	 77.2900 1.9017 	 99.4060 0.2689 	 184.5120 2.6029 	 312.5320 4.3175 	 312.7400 4.2524 
21 	 99.5920 0.2926 	 80.9540 1.5977 	 99.8200 0.2437 	 189.4200 2.1741 	 337.9840 4.0092 	 338.0720 4.0295 
22 	 98.8260 0.3083 	 75.2520 1.7808 	 98.9380 0.2538 	 180.8880 3.1205 	 290.3200 4.7557 	 290.6560 4.7799 
23 	 97.7840 0.4175 	 77.7560 1.7036 	 98.2420 0.3577 	 183.1400 2.2429 	 332.1520 4.1334 	 332.2920 4.0843 
24 	 99.5280 0.3029 	 75.3360 1.7809 	 99.7340 0.2221 	 181.9440 2.6521 	 298.1800 4.9185 	 298.4520 4.9569 
25 	 99.4120 0.2797 	 75.4780 1.8865 	 99.4940 0.2550 	 181.8840 2.6850 	 297.8800 5.1638 	 298.1040 5.1579 
26 	 99.7220 0.2290 	 80.4040 1.7380 	 99.8880 0.1689 	 190.0480 2.0674 	 339.7520 4.0497 	 339.9160 4.1274 
27 	 99.7480 0.2267 	 81.0080 1.4653 	 99.8440 0.1811 	 189.9600 2.3013 	 325.6400 4.4757 	 325.7080 4.4614 
28 	 95.1500 0.5580 	 66.1100 1.9826 	 95.3760 0.4267 	 164.5560 3.4954 	 264.1280 5.4523 	 264.6200 5.4266 
29 	 98.5340 0.4645 	 77.5500 1.8096 	 98.8700 0.3973 	 183.7280 2.4801 	 307.9800 4.0722 	 308.2720 4.0756 
30 	 97.0860 0.4851 	 72.3920 1.7272 	 97.1540 0.4338 	 175.7080 3.0478 	 287.4560 5.7409 	 287.6760 5.7444 
31 	 99.9340 0.0945 	 80.9360 1.8001 	 99.9960 0.0281 	 191.8080 1.8567 	 336.0920 3.9801 	 336.2440 3.9540 
32 	 99.3000 0.3002 	 77.2400 1.9240 	 99.4100 0.2904 	 185.1200 2.7818 	 310.1240 5.2465 	 310.3680 5.2897 
33 	 99.5880 0.2162 	 75.8340 2.0287 	 99.6420 0.1892 	 184.2080 3.1795 	 308.7240 5.5165 	 309.1440 5.6061 
34 	 99.6200 0.2934 	 78.0120 1.8789 	 99.7880 0.2124 	 186.5080 2.5444 	 324.8520 4.0981 	 324.9760 4.1699 
35 	 98.5580 0.2056 	 71.4180 1.9330 	 98.7840 0.2178 	 176.5960 3.2598 	 287.4200 5.4149 	 287.8360 5.4624 
36 	 98.3240 0.5178 	 72.9880 1.7895 	 98.6860 0.4835 	 179.7760 2.9114 	 324.0720 4.8095 	 324.2240 4.9060 
37 	 99.7940 0.2335 	 76.2000 2.0615 	 99.9120 0.1402 	 185.5320 2.3572 	 308.0440 4.6195 	 308.2880 4.5890 
38 	 99.6040 0.2726 	 72.9620 1.8973 	 99.6740 0.2338 	 178.8240 3.2004 	 290.5960 4.9670 	 290.8960 4.9870 
39 	 99.4940 0.1979 	 76.8980 1.7804 	 99.5940 0.1740 	 186.3080 2.4963 	 313.6440 5.2305 	 313.9520 5.2408 
40 	 99.1920 0.3716 	 83.7000 1.4235 	 99.4180 0.3494 	 192.0600 1.6667 	 349.3480 3.8167 	 349.5320 3.8802 
41 	 99.8260 0.1468 	 78.5300 1.7159 	 99.8780 0.1299 	 187.2880 2.3272 	 326.7440 4.5777 	 326.8080 4.5653 
42 	 98.1080 0.4794 	 76.3040 1.6197 	 98.3260 0.4446 	 182.2000 2.6150 	 314.3160 4.7524 	 314.4320 4.6511 
43 	 99.8060 0.1979 	 79.0580 1.7708 	 99.9040 0.1645 	 187.4560 2.4318 	 332.0760 4.8441 	 332.3160 4.9274 
44 	 99.9360 0.1020 	 77.9420 1.6089 	 99.9740 0.0676 	 187.0600 2.4726 	 320.6000 4.8394 	 320.6960 4.8588 
45 	 99.8940 0.1569 	 78.2360 1.6912 	 99.9480 0.1159 	 188.3520 2.2536 	 327.6760 4.0795 	 327.7840 4.0531 
