Task 	 PA 	 PA_NV 	 PA_SL 	 HetOTL 	 HetOTL_SL 	 OTLHS 
1 	 40.9760 1.9629 	 43.2000 1.8852 	 40.9920 1.9947 	 41.4680 1.7821 	 36.9340 1.4883 	 36.9520 1.4921 
2 	 25.9000 1.3602 	 35.9220 1.5271 	 26.0000 1.2855 	 32.9380 1.4317 	 28.6760 1.1747 	 28.6960 1.1646 
3 	 34.1020 1.6006 	 39.5200 2.0763 	 33.9380 1.5554 	 36.9320 1.6021 	 32.6120 1.2620 	 32.6140 1.2418 
4 	 40.2700 1.8500 	 44.9860 1.9391 	 40.1880 1.8560 	 43.6120 1.7293 	 38.0800 1.5932 	 38.1180 1.5735 
5 	 32.6340 1.6372 	 41.0020 1.7971 	 32.4520 1.5964 	 38.8220 1.5009 	 33.9580 1.4665 	 34.0000 1.4447 
6 	 32.5520 1.7378 	 36.1880 1.6843 	 32.7320 1.7240 	 33.5160 1.4239 	 28.5860 1.2274 	 28.6140 1.1994 
7 	 38.9260 1.5103 	 44.8680 1.9184 	 38.8860 1.6923 	 42.6480 1.7595 	 38.8420 1.6780 	 38.8680 1.6726 
8 	 41.6380 1.7815 	 43.4200 1.7369 	 41.5940 1.8715 	 41.6580 1.6271 	 36.5080 1.5620 	 36.5360 1.5596 
9 	 33.3140 1.8784 	 38.8480 1.6688 	 33.2460 1.8059 	 36.6320 1.4433 	 31.2520 1.3106 	 31.2960 1.3124 
10 	 39.7980 1.8754 	 42.2280 1.8729 	 39.8200 1.8574 	 40.6680 1.7810 	 36.9260 1.5415 	 36.9840 1.5533 
11 	 30.5260 1.5381 	 36.8280 1.4796 	 30.5320 1.5414 	 33.4120 1.4061 	 28.2980 1.2268 	 28.2880 1.2323 
12 	 43.0100 1.8067 	 42.0620 1.9837 	 42.9920 1.7965 	 39.8840 1.6559 	 34.0080 1.2958 	 33.9980 1.3062 
13 	 32.3460 2.0139 	 40.9220 1.6658 	 32.4180 1.8788 	 38.2940 1.3887 	 33.2240 1.2376 	 33.2360 1.2473 
14 	 28.2860 1.6969 	 36.9960 1.6285 	 28.3600 1.5725 	 33.2560 1.5197 	 28.2200 1.3323 	 28.2620 1.3414 
15 	 33.5400 1.7376 	 37.3940 1.5895 	 33.3440 1.6424 	 34.1760 1.3722 	 29.1300 1.2122 	 29.1500 1.1984 
16 	 42.7940 2.2139 	 44.6580 2.1056 	 42.8440 2.2270 	 43.0080 1.7160 	 37.5880 1.2133 	 37.5800 1.2072 
17 	 34.8300 1.8717 	 39.8980 1.8163 	 34.7760 1.8807 	 37.9000 1.7147 	 33.3960 1.4050 	 33.3800 1.4218 
18 	 30.9060 1.9652 	 38.0920 1.6006 	 30.8940 1.9894 	 35.9440 1.4883 	 31.3020 1.1971 	 31.3180 1.2254 
19 	 31.7580 1.8904 	 36.8540 1.7108 	 31.7780 1.8856 	 33.8120 1.4159 	 28.6320 1.2600 	 28.6600 1.2587 
20 	 38.1260 1.8161 	 40.4540 1.8405 	 38.2120 1.8350 	 38.7080 1.6902 	 34.3120 1.5357 	 34.3400 1.5294 
21 	 37.4040 1.8871 	 42.7400 1.7894 	 37.3480 1.8404 	 41.3960 1.7092 	 37.6560 1.4242 	 37.6680 1.3944 
22 	 32.1500 1.5008 	 35.5000 1.6087 	 32.3300 1.5131 	 32.4740 1.4012 	 27.3880 1.2384 	 27.4080 1.2410 
23 	 29.1600 1.6285 	 38.8780 1.9388 	 29.3380 1.5913 	 36.2740 1.4800 	 32.2940 1.5150 	 32.3040 1.5228 
24 	 33.5920 2.8520 	 34.8680 1.7142 	 33.5920 2.8316 	 31.8420 1.4305 	 27.6000 1.2017 	 27.6120 1.2110 
25 	 27.9680 1.6548 	 36.1580 1.5288 	 28.2520 1.6215 	 33.1160 1.2141 	 27.6060 1.0200 	 27.5960 1.0130 
26 	 37.8880 1.7434 	 41.7480 1.9400 	 37.8500 1.6811 	 39.7880 1.7686 	 35.1240 1.4494 	 35.1320 1.4479 
27 	 33.0700 1.9679 	 40.9680 1.7386 	 33.1180 1.9154 	 39.3080 1.7081 	 34.8640 1.4377 	 34.8620 1.4190 
28 	 26.1920 1.6978 	 27.5780 1.5069 	 26.3520 1.6868 	 23.9700 1.0770 	 19.8340 0.9998 	 19.8760 1.0130 
29 	 40.1300 1.7840 	 40.5840 1.6829 	 40.0460 1.8383 	 38.0620 1.5143 	 33.3920 1.3795 	 33.3960 1.4131 
30 	 28.0520 1.7093 	 33.4040 1.6682 	 28.1320 1.6547 	 29.0820 1.4056 	 24.8720 1.1204 	 24.8840 1.0933 
31 	 43.8140 1.8441 	 46.3820 2.0253 	 43.8080 1.8346 	 45.1480 1.9189 	 39.8660 1.7289 	 39.9060 1.7527 
32 	 33.9560 1.8398 	 39.9240 1.8186 	 33.9660 1.7950 	 37.0820 1.4179 	 31.0260 1.4441 	 31.0400 1.4503 
33 	 33.3160 1.9331 	 39.4800 1.6875 	 33.2120 1.9390 	 36.5520 1.5324 	 31.6500 1.1978 	 31.6680 1.1940 
34 	 38.4580 2.2135 	 41.9160 1.8189 	 38.4980 2.1646 	 40.0220 1.7659 	 35.7700 1.4203 	 35.7740 1.4416 
35 	 32.7120 1.9379 	 34.6580 1.6407 	 32.9060 2.0152 	 31.4960 1.1489 	 26.6980 1.1542 	 26.7060 1.1801 
36 	 30.4180 1.5710 	 36.9040 1.6299 	 30.1460 1.5363 	 34.3940 1.3234 	 30.5620 1.2458 	 30.5940 1.2733 
37 	 37.7180 1.9846 	 39.7000 1.7123 	 37.6420 1.8667 	 37.9940 1.4549 	 33.4200 1.4040 	 33.4300 1.3796 
38 	 33.4720 1.5501 	 35.1320 1.4741 	 33.4080 1.5160 	 31.9280 1.3617 	 27.1180 1.1906 	 27.1340 1.1987 
39 	 31.4180 1.8510 	 39.9580 1.6763 	 31.3200 1.8734 	 37.7720 1.6076 	 33.2860 1.3708 	 33.2860 1.3631 
40 	 42.1120 2.0037 	 47.9260 1.9392 	 41.7480 1.9737 	 46.7540 1.7654 	 42.3960 1.5827 	 42.4040 1.5944 
41 	 33.2260 1.7982 	 39.5600 1.7389 	 33.3440 1.8271 	 37.6620 1.4691 	 31.8600 1.3238 	 31.8720 1.3179 
42 	 28.6260 1.6725 	 36.8940 1.6403 	 28.6080 1.6714 	 33.9420 1.5216 	 29.6600 1.3130 	 29.6520 1.3180 
43 	 36.7480 2.0706 	 40.6700 2.0315 	 36.6260 2.0557 	 38.7980 1.5433 	 33.2020 1.3708 	 33.2480 1.3367 
44 	 32.3980 2.0954 	 39.5360 1.7677 	 32.4660 2.1456 	 37.2660 1.4528 	 31.9040 1.3702 	 31.9340 1.3589 
45 	 33.5700 1.9522 	 40.5880 1.9951 	 33.7460 1.9198 	 38.6840 1.7334 	 33.9260 1.3832 	 33.9260 1.3817 
