Task 	 PA 	 PA_NV 	 PA_SL 	 HetOTL 	 HetOTL_SL 	 OTLHS 
1 	 0.0052 0.0013 	 0.0123 0.0028 	 0.0113 0.0027 	 0.0162 0.0038 	 0.0360 0.0077 	 0.0358 0.0075 
2 	 0.0048 0.0012 	 0.0122 0.0028 	 0.0113 0.0027 	 0.0158 0.0037 	 0.0346 0.0073 	 0.0342 0.0072 
3 	 0.0048 0.0010 	 0.0116 0.0020 	 0.0106 0.0020 	 0.0153 0.0029 	 0.0340 0.0056 	 0.0334 0.0058 
4 	 0.0054 0.0013 	 0.0129 0.0030 	 0.0120 0.0031 	 0.0169 0.0047 	 0.0371 0.0079 	 0.0362 0.0075 
5 	 0.0050 0.0012 	 0.0122 0.0028 	 0.0113 0.0027 	 0.0159 0.0036 	 0.0357 0.0076 	 0.0349 0.0070 
6 	 0.0049 0.0012 	 0.0128 0.0028 	 0.0114 0.0027 	 0.0164 0.0038 	 0.0356 0.0076 	 0.0355 0.0073 
7 	 0.0046 0.0009 	 0.0116 0.0023 	 0.0106 0.0022 	 0.0152 0.0032 	 0.0341 0.0063 	 0.0339 0.0060 
8 	 0.0050 0.0012 	 0.0123 0.0027 	 0.0113 0.0026 	 0.0163 0.0038 	 0.0360 0.0072 	 0.0355 0.0075 
9 	 0.0048 0.0011 	 0.0121 0.0025 	 0.0109 0.0023 	 0.0157 0.0033 	 0.0341 0.0067 	 0.0339 0.0068 
10 	 0.0052 0.0013 	 0.0118 0.0027 	 0.0115 0.0027 	 0.0156 0.0034 	 0.0354 0.0071 	 0.0354 0.0072 
11 	 0.0047 0.0010 	 0.0116 0.0026 	 0.0107 0.0024 	 0.0154 0.0034 	 0.0337 0.0065 	 0.0335 0.0067 
12 	 0.0051 0.0011 	 0.0121 0.0023 	 0.0113 0.0024 	 0.0162 0.0032 	 0.0356 0.0065 	 0.0359 0.0070 
13 	 0.0049 0.0011 	 0.0120 0.0026 	 0.0109 0.0024 	 0.0155 0.0033 	 0.0341 0.0067 	 0.0341 0.0067 
14 	 0.0046 0.0010 	 0.0117 0.0026 	 0.0108 0.0025 	 0.0154 0.0033 	 0.0336 0.0067 	 0.0331 0.0066 
15 	 0.0047 0.0009 	 0.0114 0.0020 	 0.0105 0.0020 	 0.0149 0.0026 	 0.0334 0.0055 	 0.0328 0.0051 
16 	 0.0051 0.0012 	 0.0123 0.0025 	 0.0112 0.0025 	 0.0162 0.0033 	 0.0358 0.0069 	 0.0354 0.0070 
17 	 0.0049 0.0013 	 0.0118 0.0025 	 0.0110 0.0024 	 0.0154 0.0031 	 0.0344 0.0065 	 0.0341 0.0064 
18 	 0.0049 0.0011 	 0.0120 0.0024 	 0.0110 0.0023 	 0.0159 0.0033 	 0.0341 0.0065 	 0.0344 0.0071 
19 	 0.0050 0.0012 	 0.0127 0.0027 	 0.0113 0.0026 	 0.0165 0.0034 	 0.0357 0.0072 	 0.0351 0.0069 
20 	 0.0050 0.0012 	 0.0123 0.0027 	 0.0112 0.0025 	 0.0159 0.0034 	 0.0352 0.0071 	 0.0353 0.0070 
21 	 0.0050 0.0012 	 0.0123 0.0026 	 0.0112 0.0025 	 0.0161 0.0034 	 0.0359 0.0071 	 0.0356 0.0068 
22 	 0.0050 0.0013 	 0.0127 0.0028 	 0.0113 0.0026 	 0.0164 0.0036 	 0.0355 0.0071 	 0.0354 0.0070 
23 	 0.0047 0.0011 	 0.0120 0.0026 	 0.0107 0.0023 	 0.0157 0.0034 	 0.0356 0.0076 	 0.0343 0.0069 
24 	 0.0047 0.0011 	 0.0121 0.0027 	 0.0109 0.0025 	 0.0151 0.0029 	 0.0342 0.0066 	 0.0340 0.0065 
25 	 0.0046 0.0010 	 0.0120 0.0023 	 0.0107 0.0022 	 0.0158 0.0033 	 0.0336 0.0061 	 0.0333 0.0063 
26 	 0.0049 0.0011 	 0.0121 0.0024 	 0.0110 0.0023 	 0.0162 0.0034 	 0.0354 0.0071 	 0.0348 0.0069 
27 	 0.0052 0.0013 	 0.0129 0.0028 	 0.0115 0.0025 	 0.0167 0.0036 	 0.0363 0.0073 	 0.0360 0.0072 
28 	 0.0046 0.0011 	 0.0123 0.0028 	 0.0107 0.0023 	 0.0156 0.0032 	 0.0337 0.0065 	 0.0337 0.0067 
29 	 0.0050 0.0012 	 0.0123 0.0027 	 0.0113 0.0025 	 0.0160 0.0033 	 0.0350 0.0068 	 0.0351 0.0068 
30 	 0.0048 0.0013 	 0.0125 0.0028 	 0.0111 0.0026 	 0.0158 0.0035 	 0.0342 0.0070 	 0.0345 0.0072 
31 	 0.0054 0.0013 	 0.0132 0.0030 	 0.0116 0.0027 	 0.0173 0.0040 	 0.0381 0.0081 	 0.0373 0.0077 
32 	 0.0050 0.0011 	 0.0126 0.0028 	 0.0111 0.0024 	 0.0164 0.0038 	 0.0359 0.0070 	 0.0358 0.0072 
33 	 0.0050 0.0012 	 0.0122 0.0025 	 0.0111 0.0026 	 0.0159 0.0033 	 0.0356 0.0073 	 0.0346 0.0066 
34 	 0.0051 0.0012 	 0.0124 0.0028 	 0.0112 0.0025 	 0.0159 0.0032 	 0.0357 0.0072 	 0.0354 0.0069 
35 	 0.0047 0.0010 	 0.0122 0.0024 	 0.0109 0.0022 	 0.0160 0.0034 	 0.0345 0.0065 	 0.0342 0.0064 
36 	 0.0046 0.0011 	 0.0119 0.0026 	 0.0107 0.0024 	 0.0149 0.0032 	 0.0338 0.0067 	 0.0326 0.0060 
37 	 0.0049 0.0011 	 0.0121 0.0025 	 0.0110 0.0023 	 0.0158 0.0032 	 0.0353 0.0069 	 0.0346 0.0067 
38 	 0.0047 0.0010 	 0.0117 0.0022 	 0.0106 0.0022 	 0.0151 0.0029 	 0.0333 0.0061 	 0.0326 0.0058 
39 	 0.0046 0.0009 	 0.0113 0.0018 	 0.0104 0.0018 	 0.0148 0.0024 	 0.0324 0.0048 	 0.0321 0.0050 
40 	 0.0052 0.0012 	 0.0126 0.0028 	 0.0115 0.0026 	 0.0163 0.0037 	 0.0361 0.0073 	 0.0354 0.0073 
41 	 0.0047 0.0010 	 0.0120 0.0026 	 0.0105 0.0021 	 0.0153 0.0028 	 0.0334 0.0058 	 0.0332 0.0057 
42 	 0.0048 0.0012 	 0.0122 0.0027 	 0.0110 0.0024 	 0.0158 0.0034 	 0.0339 0.0068 	 0.0338 0.0068 
43 	 0.0047 0.0009 	 0.0117 0.0022 	 0.0106 0.0021 	 0.0153 0.0030 	 0.0339 0.0061 	 0.0330 0.0058 
44 	 0.0051 0.0012 	 0.0127 0.0029 	 0.0115 0.0026 	 0.0164 0.0035 	 0.0357 0.0073 	 0.0348 0.0068 
45 	 0.0050 0.0012 	 0.0123 0.0029 	 0.0110 0.0026 	 0.0157 0.0034 	 0.0350 0.0074 	 0.0344 0.0073 
