Task 	 PA 	 PA_NV 	 PA_SL 	 HetOTL 	 HetOTL_SL 	 OTLHS 
1 	 46.8800 2.0129 	 43.2000 1.8852 	 45.4020 1.7490 	 42.7840 1.7922 	 36.4880 1.4951 	 36.5940 1.5628 
2 	 36.0820 1.5886 	 35.9220 1.5271 	 34.0940 1.4911 	 33.2440 1.5752 	 28.1480 1.4497 	 28.3460 1.5531 
3 	 45.4500 2.1969 	 39.5200 2.0763 	 43.5060 1.8457 	 39.1480 1.8181 	 33.6740 1.4936 	 33.8040 1.5213 
4 	 48.2540 2.0935 	 44.9860 1.9391 	 46.8760 2.1386 	 44.4240 1.9055 	 38.1600 1.7172 	 38.2220 1.7254 
5 	 40.6140 1.7506 	 41.0020 1.7971 	 38.9840 1.6045 	 38.0340 1.7333 	 33.1100 1.5889 	 33.2040 1.6350 
6 	 39.8380 1.7892 	 36.1880 1.6843 	 38.2660 1.7503 	 34.4240 1.5892 	 28.2640 1.4110 	 28.4180 1.4439 
7 	 45.0700 1.9753 	 44.8680 1.9184 	 43.3120 1.9617 	 43.0360 1.7639 	 39.3320 1.8053 	 39.4280 1.7997 
8 	 47.4580 2.0808 	 43.4200 1.7369 	 46.2560 2.0243 	 43.6140 1.8991 	 37.0540 1.5901 	 37.2960 1.5273 
9 	 41.7060 1.7740 	 38.8480 1.6688 	 40.0360 1.7376 	 37.6440 1.6696 	 31.2460 1.4093 	 31.4000 1.4165 
10 	 47.1480 1.9300 	 42.2280 1.8729 	 45.8800 2.0193 	 42.0780 1.9860 	 37.1640 1.5968 	 37.2680 1.5772 
11 	 39.7280 1.8739 	 36.8280 1.4796 	 38.1420 1.7038 	 34.9300 1.7862 	 28.8340 1.5056 	 28.9400 1.5228 
12 	 48.2200 2.0735 	 42.0620 1.9837 	 46.9040 2.0244 	 42.0940 2.2186 	 35.2900 1.4288 	 35.3660 1.4276 
13 	 41.6120 1.9294 	 40.9220 1.6658 	 40.2480 1.8189 	 38.6920 1.8700 	 32.8440 1.5592 	 32.9080 1.6167 
14 	 38.4100 1.7040 	 36.9960 1.6285 	 36.4940 1.4965 	 34.4120 1.6767 	 28.7020 1.5333 	 28.8140 1.5309 
15 	 44.5480 2.0376 	 37.3940 1.5895 	 42.7780 1.9610 	 36.6300 1.7476 	 29.7380 1.4181 	 29.8580 1.4551 
16 	 47.4020 2.3922 	 44.6580 2.1056 	 46.2200 2.2742 	 44.1520 2.1227 	 38.0680 1.3819 	 38.1800 1.3554 
17 	 43.4460 1.8093 	 39.8980 1.8163 	 41.8400 1.6382 	 38.5900 1.6907 	 33.0480 1.5324 	 33.1400 1.5948 
18 	 40.7420 2.0194 	 38.0920 1.6006 	 39.3800 1.8917 	 36.6080 1.5740 	 30.6120 1.5141 	 30.7240 1.5353 
19 	 40.2060 1.7128 	 36.8540 1.7108 	 38.4700 1.7524 	 34.9800 1.4914 	 28.1020 1.3835 	 28.2860 1.4406 
20 	 43.2900 1.7413 	 40.4540 1.8405 	 41.9620 1.8135 	 39.2620 1.7982 	 33.6800 1.5725 	 33.7160 1.5563 
21 	 43.1160 1.9950 	 42.7400 1.7894 	 41.4460 1.8028 	 40.4280 1.8431 	 36.7600 1.5247 	 36.7920 1.6268 
22 	 40.3980 1.6467 	 35.5000 1.6087 	 38.9920 1.9097 	 33.5320 1.6377 	 27.3220 1.2861 	 27.4720 1.3090 
23 	 38.2220 1.7183 	 38.8780 1.9388 	 36.0560 1.6687 	 35.3740 1.6833 	 31.9000 1.6618 	 31.9820 1.7278 
24 	 40.1100 1.9155 	 34.8680 1.7142 	 38.4340 1.7277 	 32.9120 1.6466 	 27.2900 1.4827 	 27.3760 1.4593 
25 	 37.8360 1.3997 	 36.1580 1.5288 	 36.5700 1.3093 	 33.6940 1.4557 	 27.3420 1.2441 	 27.4280 1.2190 
26 	 45.2940 2.1226 	 41.7480 1.9400 	 43.6820 1.9139 	 41.0040 1.7990 	 35.6240 1.7993 	 35.7940 1.7699 
27 	 44.2820 1.8162 	 40.9680 1.7386 	 42.5960 1.6752 	 39.8680 1.7885 	 34.2180 1.6980 	 34.3780 1.7098 
28 	 34.5480 1.6606 	 27.5780 1.5069 	 32.6460 1.5199 	 26.2420 1.2919 	 20.3500 1.0710 	 20.4580 1.0751 
29 	 47.7500 2.3114 	 40.5840 1.6829 	 46.2120 2.1993 	 41.4060 1.9110 	 35.2160 1.6052 	 35.3740 1.6077 
30 	 35.6620 1.5360 	 33.4040 1.6682 	 33.8840 1.3577 	 30.7800 1.6177 	 25.0760 1.3582 	 25.2560 1.3364 
31 	 49.1940 2.3451 	 46.3820 2.0253 	 48.0120 2.1877 	 46.6920 1.9736 	 40.7400 1.7154 	 40.8780 1.7282 
32 	 42.9700 1.9613 	 39.9240 1.8186 	 41.3760 1.8721 	 38.3040 1.8962 	 32.0720 1.7133 	 32.1280 1.7432 
33 	 43.0080 1.7384 	 39.4800 1.6875 	 41.4340 1.7551 	 37.9600 1.6585 	 32.4440 1.5747 	 32.5780 1.6904 
34 	 44.4480 2.1498 	 41.9160 1.8189 	 42.7940 1.8642 	 41.3380 1.9417 	 35.9680 1.7569 	 36.1000 1.7975 
35 	 38.4220 1.8495 	 34.6580 1.6407 	 37.2000 1.9376 	 32.2180 1.4587 	 26.3140 1.3869 	 26.4420 1.3994 
36 	 38.7920 1.7800 	 36.9040 1.6299 	 36.7780 1.8299 	 35.6780 1.7356 	 31.8360 1.5925 	 32.0380 1.6327 
37 	 44.9040 1.9325 	 39.7000 1.7123 	 43.1620 1.9417 	 39.6400 1.7261 	 33.7140 1.6724 	 33.8700 1.6895 
38 	 39.8340 1.9695 	 35.1320 1.4741 	 38.4540 1.7704 	 33.5000 1.4593 	 27.2900 1.4943 	 27.4200 1.4300 
39 	 40.6140 1.8565 	 39.9580 1.6763 	 39.1520 1.5988 	 38.1860 1.5506 	 32.7640 1.4328 	 32.8600 1.3936 
40 	 47.9340 2.2331 	 47.9260 1.9392 	 46.3260 2.0945 	 46.6180 2.0754 	 42.3340 1.7709 	 42.4820 1.8057 
41 	 41.8660 1.5632 	 39.5600 1.7389 	 40.3400 1.6833 	 37.7080 1.6311 	 31.5860 1.4810 	 31.7200 1.4589 
42 	 36.9380 1.5781 	 36.8940 1.6403 	 35.1600 1.4595 	 34.8020 1.3265 	 30.0040 1.7051 	 30.1660 1.6308 
43 	 42.3060 1.8921 	 40.6700 2.0315 	 40.5300 1.7341 	 38.9680 1.7314 	 33.6580 1.5118 	 33.7400 1.5222 
44 	 40.6740 1.7686 	 39.5360 1.7677 	 39.1840 1.8097 	 37.4980 1.7119 	 31.1760 1.4521 	 31.4020 1.4750 
45 	 42.1860 1.8648 	 40.5880 1.9951 	 40.6500 1.8163 	 39.2000 1.7354 	 33.6820 1.6796 	 33.7980 1.7651 
