Task 	 PA 	 PA_NV 	 PA_SL 	 HetOTL 	 HetOTL_SL 	 OTLHS 
1 	 79.8100 2.0594 	 77.6700 2.1334 	 89.9340 1.6108 	 157.9800 3.9020 	 259.3760 5.2887 	 259.8560 5.3489 
2 	 70.5340 1.9687 	 73.0640 1.8131 	 79.1280 1.6991 	 141.9880 3.4780 	 238.0320 4.5878 	 238.5680 4.4233 
3 	 76.7760 1.8981 	 76.8260 1.9601 	 86.5420 1.8944 	 153.5280 3.7546 	 244.7000 5.1409 	 245.4440 5.0660 
4 	 80.2140 1.7561 	 79.4080 1.8111 	 90.3380 1.4941 	 160.7240 3.5009 	 264.6480 4.6861 	 265.6080 4.3943 
5 	 74.3020 1.9450 	 76.9880 1.8306 	 83.9120 1.6657 	 152.0160 3.5046 	 251.6800 4.7202 	 252.0800 4.9544 
6 	 73.7980 1.6823 	 72.9240 1.7400 	 83.4560 1.4515 	 145.4680 3.0143 	 235.3640 4.5130 	 236.1000 4.4029 
7 	 74.6760 2.1779 	 80.6120 1.7516 	 85.7320 2.0402 	 157.9560 3.5477 	 284.9240 3.9318 	 285.2520 3.9539 
8 	 76.7460 1.7659 	 79.7280 1.7495 	 88.2620 1.5263 	 158.7120 3.4557 	 275.9800 4.6621 	 276.1800 4.7374 
9 	 75.0500 2.0363 	 76.1220 1.9307 	 85.1320 1.7343 	 152.1200 3.8187 	 248.8600 4.6154 	 249.4720 5.0082 
10 	 79.2320 2.0216 	 77.0300 1.8338 	 89.4020 1.5574 	 157.6000 3.6880 	 260.9640 4.5330 	 261.3080 4.5333 
11 	 74.0840 2.1305 	 74.2460 1.6312 	 83.6880 1.6437 	 147.4120 3.8056 	 241.0240 4.7446 	 241.3200 4.9471 
12 	 79.9720 2.0408 	 78.5060 1.9454 	 90.3840 1.5667 	 158.3080 4.2598 	 264.5880 4.7674 	 265.1280 4.7609 
13 	 76.4960 1.7123 	 79.3540 1.7940 	 86.6400 1.8643 	 156.4920 3.8993 	 260.4040 4.5673 	 260.7560 4.3055 
14 	 71.2620 1.9963 	 74.5420 2.0196 	 80.1880 1.7535 	 146.5720 3.7957 	 243.1880 5.2513 	 243.4280 5.4387 
15 	 76.2020 2.3180 	 75.2280 2.0275 	 86.3480 1.6628 	 151.1320 3.6515 	 251.4120 4.7698 	 251.6480 4.7200 
16 	 79.2260 2.0062 	 80.6400 1.9322 	 89.5200 1.6568 	 161.0440 3.5817 	 270.2880 5.1615 	 270.4920 4.8489 
17 	 76.7580 2.0365 	 76.6020 2.0342 	 87.2180 1.6458 	 155.2800 3.6262 	 266.0400 4.5267 	 266.1520 4.5832 
18 	 75.4640 1.8398 	 75.8880 1.7806 	 85.4220 1.8297 	 152.6600 3.7079 	 251.4880 4.0029 	 251.6720 4.0575 
19 	 74.4480 1.8829 	 74.5940 1.8516 	 83.8100 1.6071 	 148.4440 3.6056 	 236.4920 3.9026 	 237.3640 4.1589 
20 	 77.0560 2.1159 	 77.2900 1.9017 	 86.7880 1.7096 	 154.9400 3.5747 	 257.4120 4.5477 	 257.7360 4.7432 
21 	 75.7240 1.6877 	 80.9540 1.5977 	 85.8500 1.5262 	 158.6560 3.2329 	 285.2760 4.9367 	 285.1960 4.8823 
22 	 76.5260 1.7958 	 75.2520 1.7808 	 86.5760 1.5317 	 149.3800 3.2528 	 232.4520 4.7307 	 233.3600 4.7387 
23 	 70.5600 1.8549 	 77.7560 1.7036 	 79.9240 1.6585 	 149.1160 3.7602 	 271.5120 4.6480 	 271.6120 4.5516 
24 	 73.6820 1.9156 	 75.3360 1.7809 	 83.2940 1.6412 	 147.8560 3.7344 	 244.3760 4.3006 	 244.8040 4.4004 
25 	 74.9020 1.7222 	 75.4780 1.8865 	 84.5240 1.5732 	 148.5400 3.7305 	 237.7760 4.9208 	 238.2240 5.0473 
26 	 77.3260 2.1319 	 80.4040 1.7380 	 87.9800 1.7100 	 160.6360 3.3635 	 283.1400 4.1792 	 283.1480 4.2847 
27 	 78.0160 1.9579 	 81.0080 1.4653 	 88.4700 1.6449 	 161.3640 3.2046 	 272.4280 4.2295 	 272.6640 4.2497 
28 	 69.6140 1.9331 	 66.1100 1.9826 	 78.1980 1.7662 	 131.8640 4.0841 	 206.4720 5.5002 	 207.3680 5.4530 
29 	 76.3480 2.2739 	 77.5500 1.8096 	 88.2300 1.8165 	 156.2600 3.4771 	 260.0840 5.1465 	 260.3680 5.2612 
30 	 70.3440 1.8366 	 72.3920 1.7272 	 79.5940 1.5667 	 141.6040 3.5946 	 229.2800 5.1821 	 229.7160 5.1918 
31 	 80.5340 1.8447 	 80.9360 1.8001 	 90.6700 1.5610 	 162.6440 3.4456 	 286.9800 4.8770 	 286.9640 4.8446 
32 	 75.5580 2.1939 	 77.2400 1.9240 	 85.5900 1.9026 	 152.8280 3.7222 	 254.5160 4.9457 	 254.9600 4.6769 
33 	 77.0600 2.0555 	 75.8340 2.0287 	 87.1700 1.5359 	 153.3960 3.6628 	 251.6160 4.9768 	 252.0800 5.3248 
34 	 75.8940 1.9989 	 78.0120 1.8789 	 86.0600 1.8663 	 156.3080 3.5907 	 271.1480 5.2600 	 271.3280 5.4428 
35 	 75.3100 2.2245 	 71.4180 1.9330 	 85.4180 1.7866 	 144.2640 3.9427 	 225.7280 5.0343 	 226.1840 4.9806 
36 	 70.9820 1.9069 	 72.9880 1.7895 	 80.6780 1.7013 	 146.7040 3.5809 	 265.3640 4.6800 	 265.8800 4.7525 
37 	 75.6820 1.9779 	 76.2000 2.0615 	 86.0920 1.6481 	 153.4960 3.6487 	 258.2640 4.6080 	 258.5760 4.6259 
38 	 75.6880 2.0568 	 72.9620 1.8973 	 85.8620 1.7136 	 146.8280 4.2413 	 237.3520 4.8080 	 237.9160 4.7035 
39 	 75.5540 1.8534 	 76.8980 1.7804 	 85.2380 1.6660 	 153.2040 3.4948 	 254.3920 4.3403 	 254.7240 4.4762 
40 	 77.1100 2.0206 	 83.7000 1.4235 	 88.1160 1.5743 	 164.1080 3.5032 	 296.9600 4.6869 	 296.9080 4.6030 
41 	 76.2780 2.0878 	 78.5300 1.7159 	 86.4780 1.6846 	 155.0160 3.5361 	 257.8240 4.0339 	 258.0840 3.9468 
42 	 70.3980 1.6855 	 76.3040 1.6197 	 79.5820 1.8200 	 147.7520 3.1211 	 254.6960 4.6871 	 254.9840 4.6521 
43 	 74.2640 1.9273 	 79.0580 1.7708 	 84.4120 1.5898 	 154.7440 3.8096 	 274.2400 4.0157 	 274.5520 4.1032 
44 	 75.6200 1.9788 	 77.9420 1.6089 	 85.5880 1.7688 	 154.3680 3.7380 	 261.4840 4.8038 	 261.9600 4.8374 
45 	 75.7420 2.0311 	 78.2360 1.6912 	 86.2700 1.6909 	 156.5560 3.3960 	 269.0280 4.4102 	 269.1320 4.4138 
