Task 	 PA 	 PA_NV 	 PA_SL 	 HetOTL 	 HetOTL_SL 	 OTLHS 
1 	 0.0054 0.0014 	 0.0124 0.0029 	 0.0105 0.0027 	 0.0160 0.0038 	 0.0330 0.0073 	 0.0328 0.0070 
2 	 0.0043 0.0008 	 0.0111 0.0020 	 0.0087 0.0016 	 0.0138 0.0026 	 0.0281 0.0045 	 0.0281 0.0046 
3 	 0.0050 0.0012 	 0.0121 0.0026 	 0.0097 0.0022 	 0.0153 0.0033 	 0.0315 0.0067 	 0.0307 0.0060 
4 	 0.0052 0.0014 	 0.0122 0.0028 	 0.0101 0.0024 	 0.0157 0.0035 	 0.0329 0.0072 	 0.0313 0.0063 
5 	 0.0049 0.0012 	 0.0124 0.0027 	 0.0098 0.0022 	 0.0154 0.0031 	 0.0318 0.0065 	 0.0317 0.0065 
6 	 0.0048 0.0011 	 0.0124 0.0027 	 0.0097 0.0021 	 0.0154 0.0034 	 0.0320 0.0069 	 0.0309 0.0063 
7 	 0.0049 0.0011 	 0.0121 0.0024 	 0.0100 0.0020 	 0.0153 0.0032 	 0.0324 0.0059 	 0.0321 0.0064 
8 	 0.0050 0.0012 	 0.0121 0.0026 	 0.0101 0.0024 	 0.0154 0.0034 	 0.0325 0.0067 	 0.0320 0.0065 
9 	 0.0047 0.0010 	 0.0118 0.0023 	 0.0095 0.0019 	 0.0150 0.0030 	 0.0306 0.0053 	 0.0306 0.0057 
10 	 0.0052 0.0012 	 0.0122 0.0027 	 0.0099 0.0023 	 0.0156 0.0033 	 0.0321 0.0066 	 0.0321 0.0064 
11 	 0.0047 0.0011 	 0.0118 0.0024 	 0.0094 0.0021 	 0.0147 0.0030 	 0.0303 0.0060 	 0.0299 0.0056 
12 	 0.0051 0.0011 	 0.0121 0.0024 	 0.0100 0.0021 	 0.0157 0.0032 	 0.0326 0.0061 	 0.0325 0.0062 
13 	 0.0053 0.0013 	 0.0133 0.0030 	 0.0107 0.0026 	 0.0166 0.0037 	 0.0345 0.0075 	 0.0337 0.0071 
14 	 0.0050 0.0012 	 0.0127 0.0028 	 0.0098 0.0023 	 0.0159 0.0036 	 0.0321 0.0067 	 0.0318 0.0067 
15 	 0.0052 0.0013 	 0.0124 0.0030 	 0.0102 0.0025 	 0.0155 0.0035 	 0.0322 0.0069 	 0.0317 0.0067 
16 	 0.0051 0.0011 	 0.0121 0.0024 	 0.0100 0.0022 	 0.0155 0.0032 	 0.0314 0.0057 	 0.0322 0.0064 
17 	 0.0050 0.0012 	 0.0122 0.0026 	 0.0098 0.0021 	 0.0157 0.0035 	 0.0318 0.0061 	 0.0321 0.0067 
18 	 0.0050 0.0012 	 0.0122 0.0025 	 0.0099 0.0022 	 0.0156 0.0032 	 0.0314 0.0061 	 0.0313 0.0060 
19 	 0.0049 0.0011 	 0.0122 0.0026 	 0.0098 0.0021 	 0.0151 0.0030 	 0.0313 0.0061 	 0.0307 0.0058 
20 	 0.0049 0.0011 	 0.0120 0.0026 	 0.0097 0.0021 	 0.0155 0.0032 	 0.0313 0.0063 	 0.0314 0.0061 
21 	 0.0049 0.0012 	 0.0120 0.0024 	 0.0101 0.0023 	 0.0151 0.0030 	 0.0325 0.0062 	 0.0317 0.0061 
22 	 0.0049 0.0013 	 0.0123 0.0028 	 0.0097 0.0022 	 0.0152 0.0030 	 0.0309 0.0061 	 0.0307 0.0062 
23 	 0.0047 0.0011 	 0.0121 0.0024 	 0.0099 0.0021 	 0.0154 0.0033 	 0.0325 0.0066 	 0.0316 0.0061 
24 	 0.0050 0.0012 	 0.0123 0.0028 	 0.0101 0.0025 	 0.0157 0.0037 	 0.0317 0.0063 	 0.0318 0.0068 
25 	 0.0048 0.0012 	 0.0122 0.0026 	 0.0096 0.0022 	 0.0154 0.0036 	 0.0314 0.0068 	 0.0308 0.0063 
26 	 0.0051 0.0012 	 0.0120 0.0025 	 0.0102 0.0022 	 0.0155 0.0032 	 0.0319 0.0060 	 0.0319 0.0062 
27 	 0.0053 0.0013 	 0.0128 0.0030 	 0.0106 0.0025 	 0.0163 0.0035 	 0.0333 0.0069 	 0.0332 0.0068 
28 	 0.0046 0.0014 	 0.0119 0.0023 	 0.0093 0.0020 	 0.0146 0.0029 	 0.0299 0.0059 	 0.0299 0.0069 
29 	 0.0052 0.0012 	 0.0126 0.0029 	 0.0103 0.0023 	 0.0156 0.0034 	 0.0322 0.0064 	 0.0321 0.0065 
30 	 0.0046 0.0010 	 0.0120 0.0024 	 0.0092 0.0019 	 0.0150 0.0031 	 0.0298 0.0057 	 0.0295 0.0053 
31 	 0.0051 0.0011 	 0.0120 0.0024 	 0.0103 0.0023 	 0.0157 0.0033 	 0.0335 0.0064 	 0.0332 0.0066 
32 	 0.0052 0.0013 	 0.0127 0.0028 	 0.0104 0.0026 	 0.0157 0.0034 	 0.0325 0.0067 	 0.0320 0.0065 
33 	 0.0051 0.0013 	 0.0124 0.0027 	 0.0100 0.0024 	 0.0155 0.0033 	 0.0317 0.0062 	 0.0318 0.0066 
34 	 0.0048 0.0011 	 0.0118 0.0024 	 0.0097 0.0020 	 0.0145 0.0026 	 0.0309 0.0055 	 0.0305 0.0053 
35 	 0.0050 0.0013 	 0.0124 0.0028 	 0.0100 0.0024 	 0.0156 0.0034 	 0.0317 0.0066 	 0.0312 0.0064 
36 	 0.0047 0.0011 	 0.0120 0.0026 	 0.0098 0.0022 	 0.0148 0.0031 	 0.0311 0.0062 	 0.0309 0.0061 
37 	 0.0050 0.0012 	 0.0123 0.0029 	 0.0100 0.0023 	 0.0152 0.0032 	 0.0316 0.0064 	 0.0310 0.0061 
38 	 0.0047 0.0010 	 0.0116 0.0021 	 0.0094 0.0019 	 0.0144 0.0026 	 0.0296 0.0051 	 0.0294 0.0050 
39 	 0.0051 0.0013 	 0.0124 0.0027 	 0.0103 0.0026 	 0.0158 0.0035 	 0.0322 0.0066 	 0.0320 0.0067 
40 	 0.0051 0.0011 	 0.0121 0.0024 	 0.0103 0.0023 	 0.0158 0.0035 	 0.0328 0.0061 	 0.0323 0.0063 
41 	 0.0052 0.0021 	 0.0127 0.0032 	 0.0107 0.0039 	 0.0163 0.0041 	 0.0337 0.0083 	 0.0329 0.0080 
42 	 0.0044 0.0008 	 0.0114 0.0020 	 0.0090 0.0018 	 0.0143 0.0026 	 0.0293 0.0052 	 0.0289 0.0047 
43 	 0.0048 0.0011 	 0.0117 0.0022 	 0.0097 0.0020 	 0.0150 0.0031 	 0.0313 0.0056 	 0.0311 0.0057 
44 	 0.0050 0.0012 	 0.0125 0.0027 	 0.0103 0.0025 	 0.0157 0.0035 	 0.0324 0.0068 	 0.0321 0.0064 
45 	 0.0047 0.0010 	 0.0117 0.0024 	 0.0095 0.0019 	 0.0150 0.0032 	 0.0315 0.0060 	 0.0307 0.0059 
