Task 	 PA 	 PA_NV 	 PA_SL 	 HetOTL 	 HetOTL_SL 	 OTLHS 
1 	 37.8300 1.6422 	 47.2180 2.1153 	 37.5140 1.6081 	 41.7640 1.7184 	 35.4340 1.5980 	 35.4300 1.6152 
2 	 27.5600 1.2937 	 41.5340 2.0137 	 26.5080 1.1974 	 30.4360 1.5315 	 26.4620 1.2533 	 26.5700 1.2806 
3 	 38.2820 1.8077 	 45.1500 2.1290 	 37.3380 1.6457 	 39.3160 1.9600 	 33.1680 1.6354 	 33.2020 1.6457 
4 	 41.6700 1.7402 	 48.1060 1.9922 	 41.1400 1.7164 	 43.7920 2.0177 	 37.0520 1.8092 	 37.1320 1.7930 
5 	 32.7200 1.5106 	 45.4680 1.9966 	 31.6260 1.3438 	 35.5460 1.6660 	 31.3220 1.6685 	 31.3820 1.6866 
6 	 30.8020 1.4336 	 42.2300 1.6782 	 29.8600 1.2222 	 33.2440 1.4901 	 27.3080 1.6239 	 27.3680 1.6037 
7 	 40.0800 1.8344 	 47.5980 2.1427 	 38.5260 1.5903 	 41.4980 1.9417 	 38.8040 1.6750 	 38.8840 1.7445 
8 	 42.8920 2.0071 	 47.2180 1.7853 	 41.6060 1.8322 	 43.4900 2.0228 	 37.6560 1.6794 	 37.7920 1.7486 
9 	 33.1300 1.4876 	 44.9360 1.7293 	 31.8900 1.4560 	 36.3220 1.6423 	 30.0300 1.6826 	 30.0920 1.6513 
10 	 39.9160 1.8574 	 46.4480 2.0303 	 39.3860 1.5016 	 42.1020 1.8657 	 36.1100 1.7932 	 36.1520 1.7909 
11 	 30.7380 1.4855 	 41.5220 1.8755 	 29.8220 1.4428 	 33.2480 1.6921 	 27.6960 1.5558 	 27.7400 1.5278 
12 	 41.7140 1.9036 	 46.4740 2.3479 	 41.3520 1.7123 	 42.7540 2.0205 	 35.9720 1.5735 	 36.0620 1.5857 
13 	 31.0260 1.5212 	 44.4120 2.2263 	 30.6700 1.4546 	 35.5260 1.8274 	 30.2740 1.4884 	 30.3720 1.4826 
14 	 29.9400 1.3652 	 41.9160 1.6985 	 28.8940 1.4092 	 32.3480 1.4846 	 27.0960 1.4627 	 27.1400 1.4393 
15 	 35.2060 1.6919 	 42.0800 2.0408 	 34.5500 1.3548 	 35.8760 1.8508 	 29.1320 1.6926 	 29.2200 1.6879 
16 	 41.2500 1.8500 	 47.4580 2.3464 	 40.5140 1.7019 	 43.2880 2.0067 	 37.3940 1.6079 	 37.4140 1.5915 
17 	 32.7180 1.4056 	 43.9760 2.1434 	 32.0880 1.4080 	 36.2760 1.4947 	 30.9800 1.4104 	 31.0540 1.3704 
18 	 30.7460 1.5492 	 42.7680 1.8737 	 30.1500 1.3533 	 34.4040 1.7198 	 28.3500 1.6572 	 28.4020 1.7069 
19 	 30.3200 1.4553 	 43.5100 1.7919 	 29.8000 1.2877 	 33.4300 1.6457 	 27.3760 1.5705 	 27.4260 1.5780 
20 	 34.3780 1.4469 	 44.7380 2.0864 	 33.8900 1.4074 	 37.4280 1.3683 	 32.1200 1.8169 	 32.1960 1.8440 
21 	 35.4500 1.5563 	 46.9320 1.9366 	 34.7040 1.4493 	 38.5660 1.8189 	 35.6260 1.6275 	 35.6840 1.6224 
22 	 28.8300 1.3793 	 41.3300 1.9566 	 28.6060 1.3881 	 32.2020 1.6117 	 26.3400 1.5813 	 26.4340 1.5894 
23 	 31.2300 1.3988 	 43.4660 2.0333 	 29.7000 1.2888 	 33.0940 1.7083 	 30.9780 1.5609 	 31.0920 1.5498 
24 	 32.1240 1.5489 	 40.8180 1.8740 	 31.0640 1.4264 	 32.1460 1.7886 	 26.6840 1.5298 	 26.8060 1.5153 
25 	 26.7080 1.1555 	 41.3680 1.9698 	 25.9800 1.1736 	 30.9120 1.4177 	 25.3720 1.2388 	 25.4540 1.2581 
26 	 38.0100 1.5859 	 45.9340 2.0032 	 37.1300 1.5516 	 39.7780 1.8852 	 34.7500 1.9274 	 34.8800 1.9382 
27 	 33.5320 1.6278 	 45.4460 1.8849 	 32.9040 1.5209 	 37.6320 1.6594 	 32.3380 1.5386 	 32.4060 1.5404 
28 	 24.8180 1.3892 	 34.1600 1.6078 	 23.8560 1.1610 	 25.7600 1.4050 	 20.2020 1.2307 	 20.2700 1.2528 
29 	 41.8860 1.7591 	 45.2140 2.1013 	 40.8400 1.8366 	 42.3060 2.0206 	 35.9540 1.8023 	 36.0420 1.7930 
30 	 26.5680 1.4704 	 39.3640 2.0116 	 25.5440 1.3264 	 28.7300 1.4772 	 24.0840 1.3930 	 24.1960 1.3490 
31 	 45.4900 2.0415 	 49.2400 2.1627 	 44.9780 1.9844 	 46.8000 2.1518 	 41.2320 1.7874 	 41.2800 1.8462 
32 	 34.7660 1.6038 	 45.1320 2.1994 	 33.8240 1.5412 	 36.9240 1.7363 	 31.5320 1.7604 	 31.5980 1.7309 
33 	 31.9740 1.5798 	 43.7420 1.8154 	 31.4580 1.4645 	 35.9520 1.7373 	 30.7360 1.5559 	 30.7700 1.5816 
34 	 37.6620 1.6862 	 45.7640 2.2972 	 36.5260 1.5652 	 40.0400 1.7113 	 35.5140 1.6642 	 35.6140 1.6818 
35 	 26.7340 1.3086 	 39.5380 1.9983 	 26.3980 1.3025 	 30.2580 1.4761 	 24.6780 1.5709 	 24.7240 1.5729 
36 	 32.2180 1.4259 	 41.2320 1.9953 	 30.3760 1.3425 	 33.9620 1.6467 	 31.3960 1.7153 	 31.6560 1.6940 
37 	 39.0520 1.8739 	 44.9940 2.0525 	 37.8540 1.7105 	 39.6200 1.8877 	 33.8780 1.7700 	 33.9220 1.7711 
38 	 27.7760 1.4873 	 40.0420 1.9146 	 27.2340 1.4332 	 31.3440 1.7240 	 25.6040 1.4735 	 25.6660 1.4650 
39 	 30.9240 1.5410 	 45.3760 1.9034 	 29.9660 1.3592 	 35.5480 1.3375 	 30.8700 1.4808 	 30.9600 1.4700 
40 	 43.6700 1.8568 	 49.4540 2.4516 	 42.5980 1.8338 	 45.8140 2.0605 	 42.3320 2.1231 	 42.4360 2.1054 
41 	 32.0400 1.5098 	 45.8360 2.0411 	 31.2320 1.4541 	 36.3800 1.5225 	 31.2680 1.5996 	 31.3080 1.6264 
42 	 29.7740 1.4090 	 42.9700 1.7478 	 28.2500 1.2241 	 32.2540 1.4036 	 29.3280 1.5357 	 29.4980 1.5449 
43 	 35.7700 1.4097 	 45.9860 2.1191 	 34.3680 1.3211 	 37.8180 1.6598 	 33.8240 1.4319 	 33.9640 1.4954 
44 	 31.3100 1.5270 	 45.1120 2.1487 	 30.3140 1.3687 	 35.3580 1.6823 	 30.2440 1.6413 	 30.4260 1.6170 
45 	 33.2760 1.6065 	 45.4500 2.0305 	 32.3160 1.4964 	 36.7880 1.8948 	 32.4600 1.7246 	 32.5680 1.7358 
