Task 	 PA 	 PA_NV 	 PA_SL 	 HetOTL 	 HetOTL_SL 	 OTLHS 
1 	 84.7820 1.5565 	 74.8180 2.3010 	 90.8380 1.1595 	 164.4720 3.5738 	 280.2240 4.4354 	 280.3000 4.4883 
2 	 70.9400 1.8378 	 73.4320 1.9931 	 76.6000 1.6048 	 140.9760 3.2765 	 238.0440 4.4327 	 238.2400 4.4269 
3 	 82.4800 1.6146 	 75.2800 2.0360 	 88.1860 1.3979 	 158.0480 3.9247 	 259.8760 4.3043 	 259.9960 4.4442 
4 	 86.6420 1.4040 	 75.9920 2.0026 	 92.3300 1.1839 	 166.8200 3.2637 	 279.0480 4.2730 	 279.2480 4.3422 
5 	 76.7180 1.7709 	 75.2260 1.9235 	 82.8340 1.5147 	 151.9200 3.5596 	 259.0840 5.0658 	 259.0600 4.9330 
6 	 75.3120 1.5803 	 73.8260 1.7479 	 81.5940 1.3476 	 149.4400 3.1357 	 254.1640 4.3622 	 254.3720 4.4332 
7 	 78.5900 1.9110 	 77.3840 1.9225 	 85.6820 1.7521 	 156.3240 3.6037 	 290.8080 4.2221 	 290.5800 4.1333 
8 	 81.6500 1.6979 	 75.8360 1.9934 	 88.7420 1.5780 	 159.6680 3.1919 	 283.3160 4.2656 	 283.6760 4.3252 
9 	 77.1740 1.7734 	 75.2640 1.8547 	 83.3580 1.6056 	 153.4640 3.9489 	 256.6000 4.2532 	 256.9080 4.3736 
10 	 84.3820 1.4986 	 75.4760 2.0718 	 90.3680 1.3629 	 163.2080 3.3760 	 277.9120 4.2403 	 277.9120 4.2582 
11 	 75.3720 1.7051 	 74.0120 2.0400 	 81.3660 1.5934 	 147.3920 3.6904 	 248.3280 4.7001 	 248.4520 4.7297 
12 	 86.5260 1.5514 	 75.5700 2.0612 	 92.2920 1.2551 	 164.8960 3.7260 	 290.3280 4.3771 	 290.3440 4.5575 
13 	 78.3940 1.8945 	 76.0400 1.9261 	 84.9420 1.6971 	 155.8120 3.5031 	 261.6640 4.0882 	 261.8840 4.1117 
14 	 73.0760 1.7544 	 74.7240 2.1012 	 78.9580 1.7824 	 144.1560 3.3442 	 246.5040 4.5257 	 246.6640 4.5721 
15 	 80.6480 1.6875 	 74.5260 2.0212 	 86.9180 1.5575 	 153.2320 3.3686 	 262.1640 4.4215 	 262.0200 4.4941 
16 	 85.0560 1.4177 	 76.4740 2.0318 	 90.8020 1.3035 	 164.6160 3.2889 	 281.6240 4.4838 	 281.7360 4.4372 
17 	 79.3460 1.6068 	 75.2900 2.1415 	 85.9500 1.3805 	 156.4960 3.3942 	 272.7360 3.8319 	 272.7920 3.9655 
18 	 77.3060 1.7633 	 75.3200 1.9374 	 83.5100 1.5222 	 153.8160 3.8140 	 258.7200 4.2950 	 258.8000 4.3774 
19 	 76.9460 1.6428 	 74.4340 2.1095 	 83.3080 1.4060 	 152.1800 3.4905 	 257.2480 4.6119 	 257.3720 4.6066 
20 	 80.3620 1.5371 	 75.1740 2.1701 	 86.2980 1.3962 	 157.6440 3.4069 	 265.7960 4.5146 	 265.8320 4.4904 
21 	 79.7680 1.4920 	 77.4760 1.9020 	 86.5880 1.4650 	 158.3720 3.3108 	 291.8600 4.5124 	 291.5920 4.6596 
22 	 77.4020 1.4277 	 74.1480 2.1499 	 83.9100 1.3280 	 153.5040 3.4400 	 251.7600 4.6665 	 251.8680 4.6596 
23 	 72.9160 1.8242 	 75.7200 1.8545 	 79.1820 1.6590 	 145.5080 3.7103 	 275.3440 4.8217 	 275.3840 4.8487 
24 	 76.2780 1.4999 	 74.2340 1.9913 	 82.5860 1.4074 	 148.6560 3.2524 	 255.8200 4.7819 	 255.9920 4.8128 
25 	 74.2400 1.6025 	 74.0320 1.7949 	 80.6140 1.4596 	 148.6120 3.3900 	 243.2280 4.3273 	 243.5320 4.2780 
26 	 81.7460 1.7974 	 76.7300 1.9804 	 88.2200 1.4320 	 161.4320 3.6802 	 286.2400 4.2137 	 286.1160 4.1493 
27 	 80.8360 1.5963 	 77.2760 1.7608 	 87.5820 1.4358 	 161.0680 3.1665 	 276.4920 3.9683 	 276.6080 4.0224 
28 	 68.4040 1.5642 	 70.4420 2.0874 	 74.0020 1.5030 	 135.1720 3.5237 	 226.6960 4.9321 	 226.8480 4.8974 
29 	 81.3660 1.8927 	 75.5340 2.0693 	 88.7960 1.7049 	 158.0360 4.0226 	 268.5280 5.1567 	 268.5040 5.0547 
30 	 68.3620 1.7206 	 73.8700 1.8851 	 74.4720 1.5470 	 137.9520 3.2263 	 235.9040 4.0077 	 236.4320 4.1330 
31 	 88.1620 1.5009 	 76.5460 2.0084 	 93.4720 1.2513 	 168.6440 3.5069 	 307.6160 4.9583 	 307.3080 4.8837 
32 	 78.4760 1.7555 	 75.4120 1.9748 	 84.7740 1.5649 	 154.0200 3.4364 	 267.2000 4.6377 	 267.3520 4.5175 
33 	 79.6960 1.6252 	 74.6300 2.0830 	 86.1280 1.2360 	 156.0680 3.5514 	 263.6920 4.1311 	 263.6080 4.1249 
34 	 79.6220 1.6458 	 75.3520 1.8060 	 86.0240 1.4900 	 156.8600 3.6196 	 279.9880 4.4157 	 280.3840 4.5858 
35 	 75.6900 1.6606 	 73.0100 2.1566 	 82.2940 1.5986 	 149.4640 3.4630 	 253.0320 4.6596 	 252.9680 4.5700 
36 	 71.9080 1.9847 	 72.3360 1.9342 	 78.0260 1.7342 	 144.3000 3.7654 	 266.9440 4.7105 	 267.2880 4.6632 
37 	 80.2060 1.6449 	 74.6700 1.8369 	 86.9300 1.3767 	 155.9840 3.5185 	 272.9840 4.0786 	 272.9560 3.9459 
38 	 75.7360 1.5883 	 73.0500 2.3598 	 82.5000 1.3274 	 149.7640 4.0053 	 250.4520 4.5193 	 250.5800 4.5573 
39 	 77.5560 1.6304 	 75.3940 1.7610 	 83.5540 1.4444 	 154.8600 3.4915 	 261.7840 4.6077 	 261.8000 4.7745 
40 	 84.2840 1.8084 	 78.5200 1.6261 	 90.6980 1.4373 	 164.2640 3.5638 	 302.5560 4.5301 	 302.4040 4.5442 
41 	 78.5180 1.7914 	 76.1960 2.0970 	 84.7760 1.4103 	 157.1040 3.6213 	 273.5000 4.1892 	 273.4480 4.0361 
42 	 71.0200 1.6545 	 75.6680 1.7000 	 76.9700 1.7641 	 143.6000 3.4643 	 254.9800 4.9090 	 255.2120 5.0505 
43 	 77.5960 1.7997 	 76.8740 1.9806 	 83.7600 1.3436 	 154.1240 3.3959 	 280.6800 3.8829 	 280.4640 3.8311 
44 	 77.0380 1.7204 	 76.2140 2.1871 	 83.2040 1.5327 	 154.6640 3.3317 	 269.6440 4.9700 	 270.1480 4.8405 
45 	 77.6060 1.5022 	 75.9000 2.1869 	 84.1480 1.2093 	 155.8400 3.5194 	 274.7920 4.4513 	 274.7800 4.5181 
