Task 	 PA 	 PA_NV 	 PA_SL 	 HetOTL 	 HetOTL_SL 	 OTLHS 
1 	 0.0061 0.0014 	 0.0150 0.0034 	 0.0117 0.0027 	 0.0190 0.0042 	 0.0380 0.0082 	 0.0382 0.0081 
2 	 0.0054 0.0013 	 0.0151 0.0033 	 0.0111 0.0025 	 0.0183 0.0042 	 0.0371 0.0076 	 0.0375 0.0077 
3 	 0.0060 0.0014 	 0.0159 0.0035 	 0.0116 0.0027 	 0.0190 0.0042 	 0.0386 0.0078 	 0.0384 0.0074 
4 	 0.0055 0.0013 	 0.0141 0.0028 	 0.0107 0.0024 	 0.0181 0.0038 	 0.0360 0.0068 	 0.0367 0.0074 
5 	 0.0054 0.0013 	 0.0151 0.0032 	 0.0109 0.0025 	 0.0187 0.0042 	 0.0379 0.0074 	 0.0373 0.0075 
6 	 0.0055 0.0013 	 0.0150 0.0033 	 0.0110 0.0025 	 0.0187 0.0042 	 0.0369 0.0075 	 0.0371 0.0076 
7 	 0.0054 0.0012 	 0.0151 0.0033 	 0.0113 0.0026 	 0.0184 0.0040 	 0.0388 0.0080 	 0.0382 0.0076 
8 	 0.0058 0.0014 	 0.0158 0.0034 	 0.0120 0.0027 	 0.0199 0.0043 	 0.0411 0.0082 	 0.0417 0.0084 
9 	 0.0061 0.0013 	 0.0169 0.0035 	 0.0122 0.0026 	 0.0209 0.0042 	 0.0414 0.0079 	 0.0416 0.0079 
10 	 0.0052 0.0010 	 0.0136 0.0024 	 0.0100 0.0020 	 0.0176 0.0036 	 0.0357 0.0064 	 0.0350 0.0063 
11 	 0.0055 0.0013 	 0.0151 0.0033 	 0.0109 0.0027 	 0.0196 0.0043 	 0.0381 0.0076 	 0.0381 0.0079 
12 	 0.0072 0.0011 	 0.0187 0.0028 	 0.0140 0.0021 	 0.0234 0.0036 	 0.0480 0.0062 	 0.0470 0.0070 
13 	 0.0067 0.0012 	 0.0185 0.0030 	 0.0135 0.0023 	 0.0231 0.0035 	 0.0469 0.0068 	 0.0470 0.0065 
14 	 0.0060 0.0013 	 0.0173 0.0035 	 0.0120 0.0026 	 0.0207 0.0042 	 0.0425 0.0077 	 0.0422 0.0078 
15 	 0.0066 0.0013 	 0.0182 0.0032 	 0.0132 0.0023 	 0.0227 0.0037 	 0.0462 0.0065 	 0.0456 0.0068 
16 	 0.0069 0.0013 	 0.0186 0.0032 	 0.0134 0.0024 	 0.0232 0.0040 	 0.0473 0.0074 	 0.0467 0.0074 
17 	 0.0063 0.0014 	 0.0170 0.0035 	 0.0128 0.0027 	 0.0214 0.0042 	 0.0440 0.0080 	 0.0438 0.0081 
18 	 0.0057 0.0014 	 0.0160 0.0037 	 0.0117 0.0028 	 0.0202 0.0046 	 0.0405 0.0087 	 0.0407 0.0085 
19 	 0.0063 0.0013 	 0.0176 0.0034 	 0.0126 0.0027 	 0.0211 0.0044 	 0.0428 0.0080 	 0.0421 0.0079 
20 	 0.0062 0.0014 	 0.0171 0.0037 	 0.0124 0.0027 	 0.0211 0.0047 	 0.0433 0.0082 	 0.0427 0.0086 
21 	 0.0062 0.0014 	 0.0173 0.0037 	 0.0131 0.0028 	 0.0217 0.0044 	 0.0451 0.0087 	 0.0448 0.0083 
22 	 0.0063 0.0014 	 0.0177 0.0035 	 0.0126 0.0025 	 0.0216 0.0042 	 0.0433 0.0074 	 0.0427 0.0080 
23 	 0.0060 0.0013 	 0.0171 0.0035 	 0.0129 0.0027 	 0.0208 0.0043 	 0.0438 0.0086 	 0.0437 0.0087 
24 	 0.0061 0.0014 	 0.0175 0.0034 	 0.0123 0.0027 	 0.0208 0.0044 	 0.0436 0.0079 	 0.0416 0.0083 
25 	 0.0059 0.0013 	 0.0169 0.0035 	 0.0119 0.0026 	 0.0204 0.0045 	 0.0418 0.0078 	 0.0411 0.0077 
26 	 0.0068 0.0012 	 0.0186 0.0030 	 0.0144 0.0023 	 0.0230 0.0039 	 0.0479 0.0072 	 0.0474 0.0074 
27 	 0.0061 0.0014 	 0.0172 0.0036 	 0.0125 0.0028 	 0.0211 0.0046 	 0.0439 0.0083 	 0.0428 0.0086 
28 	 0.0059 0.0013 	 0.0171 0.0035 	 0.0119 0.0025 	 0.0208 0.0039 	 0.0413 0.0073 	 0.0409 0.0075 
29 	 0.0064 0.0013 	 0.0175 0.0037 	 0.0129 0.0027 	 0.0217 0.0044 	 0.0439 0.0080 	 0.0435 0.0080 
30 	 0.0058 0.0013 	 0.0172 0.0034 	 0.0116 0.0025 	 0.0204 0.0043 	 0.0413 0.0079 	 0.0406 0.0079 
31 	 0.0066 0.0015 	 0.0176 0.0036 	 0.0132 0.0028 	 0.0228 0.0040 	 0.0472 0.0079 	 0.0460 0.0087 
32 	 0.0059 0.0014 	 0.0168 0.0037 	 0.0119 0.0027 	 0.0209 0.0044 	 0.0429 0.0084 	 0.0418 0.0083 
33 	 0.0064 0.0014 	 0.0175 0.0034 	 0.0127 0.0027 	 0.0214 0.0043 	 0.0435 0.0082 	 0.0426 0.0081 
34 	 0.0066 0.0013 	 0.0182 0.0032 	 0.0135 0.0024 	 0.0223 0.0041 	 0.0462 0.0076 	 0.0458 0.0075 
35 	 0.0065 0.0011 	 0.0182 0.0030 	 0.0132 0.0023 	 0.0225 0.0036 	 0.0449 0.0064 	 0.0441 0.0070 
36 	 0.0061 0.0013 	 0.0172 0.0035 	 0.0131 0.0026 	 0.0208 0.0044 	 0.0439 0.0083 	 0.0443 0.0080 
37 	 0.0067 0.0012 	 0.0181 0.0032 	 0.0134 0.0025 	 0.0228 0.0038 	 0.0464 0.0071 	 0.0461 0.0066 
38 	 0.0063 0.0013 	 0.0176 0.0033 	 0.0127 0.0025 	 0.0221 0.0042 	 0.0440 0.0071 	 0.0435 0.0074 
39 	 0.0062 0.0014 	 0.0174 0.0035 	 0.0126 0.0028 	 0.0213 0.0045 	 0.0436 0.0082 	 0.0425 0.0082 
40 	 0.0065 0.0014 	 0.0173 0.0037 	 0.0133 0.0029 	 0.0223 0.0043 	 0.0471 0.0081 	 0.0459 0.0085 
41 	 0.0063 0.0014 	 0.0176 0.0036 	 0.0131 0.0029 	 0.0217 0.0044 	 0.0449 0.0080 	 0.0440 0.0082 
42 	 0.0059 0.0013 	 0.0173 0.0035 	 0.0125 0.0026 	 0.0210 0.0042 	 0.0434 0.0078 	 0.0434 0.0078 
43 	 0.0060 0.0015 	 0.0168 0.0037 	 0.0126 0.0028 	 0.0204 0.0044 	 0.0422 0.0089 	 0.0428 0.0085 
44 	 0.0064 0.0013 	 0.0181 0.0032 	 0.0133 0.0026 	 0.0227 0.0039 	 0.0456 0.0074 	 0.0453 0.0076 
45 	 0.0064 0.0013 	 0.0179 0.0034 	 0.0135 0.0026 	 0.0222 0.0042 	 0.0459 0.0079 	 0.0449 0.0078 
