Task 	 PA 	 PA_NV 	 PA_SL 	 HetOTL 	 HetOTL_SL 	 OTLHS 
1 	 84.9000 1.4563 	 78.5820 2.0664 	 94.3960 1.0613 	 169.3720 3.2676 	 264.5200 4.1439 	 263.2360 4.8319 
2 	 70.8840 1.8405 	 73.2060 1.7623 	 79.9440 1.5753 	 140.7520 3.2582 	 227.2480 4.3326 	 230.2840 4.9493 
3 	 82.6120 1.6687 	 77.3460 1.8804 	 91.0860 1.2486 	 159.5240 3.2589 	 246.8240 4.8385 	 248.3520 5.1943 
4 	 86.8700 1.5126 	 80.2340 1.7310 	 95.3860 0.9695 	 172.4360 2.9869 	 268.5600 4.1600 	 268.9120 4.7384 
5 	 76.7940 1.7038 	 77.5820 1.7082 	 86.6480 1.3126 	 155.1920 2.6097 	 250.8880 4.2517 	 250.3000 4.9011 
6 	 75.3320 1.5937 	 73.1060 1.6931 	 85.4920 1.1457 	 148.5720 2.7184 	 232.5600 3.8463 	 234.3720 4.1469 
7 	 78.8520 1.9876 	 81.3700 1.7090 	 89.2600 1.4649 	 164.1440 2.7352 	 293.3080 3.9695 	 288.3520 4.3221 
8 	 82.0860 1.6466 	 80.3760 1.7876 	 92.2560 1.3089 	 167.0800 2.8464 	 278.7680 4.3676 	 277.8960 4.8461 
9 	 77.2420 1.8216 	 76.5080 2.0100 	 87.5060 1.4109 	 157.2600 3.3531 	 243.2520 4.2036 	 245.4400 4.7625 
10 	 84.6440 1.4646 	 77.8520 1.7215 	 93.7760 1.0826 	 167.6680 3.0796 	 267.5360 4.0393 	 265.3960 4.4333 
11 	 75.3580 1.7031 	 74.3840 1.6501 	 85.4000 1.4131 	 149.8280 3.2142 	 237.2880 4.3583 	 237.9080 4.8698 
12 	 86.8200 1.5472 	 78.8580 1.8302 	 95.2720 1.0196 	 168.2120 3.0022 	 271.8200 4.9763 	 273.8680 4.6910 
13 	 78.5220 1.9338 	 79.8000 1.7237 	 89.3420 1.2505 	 161.0680 2.8923 	 259.0360 4.6150 	 259.2400 4.5563 
14 	 73.0660 1.7641 	 74.8380 1.9817 	 82.0020 1.6859 	 145.4160 3.4327 	 235.9480 4.0708 	 237.9320 4.7130 
15 	 80.7700 1.5503 	 75.5400 2.0033 	 90.4720 1.3750 	 155.3480 3.0715 	 248.1080 4.5204 	 250.1360 5.1345 
16 	 85.2980 1.4274 	 81.2140 1.8458 	 94.0660 1.0131 	 170.7680 2.8635 	 273.2520 4.4501 	 276.1320 4.7950 
17 	 79.5340 1.5776 	 77.1460 1.9411 	 90.2480 1.2482 	 161.3040 3.2199 	 267.8640 4.3041 	 265.2040 4.6424 
18 	 77.2260 1.7211 	 76.3660 1.7396 	 87.6240 1.3410 	 157.1080 3.1392 	 250.2320 4.2622 	 249.0120 4.7664 
19 	 77.0460 1.5416 	 74.9280 1.8446 	 86.9500 1.3855 	 152.4680 3.1223 	 237.8000 3.8983 	 237.1680 4.2654 
20 	 80.4920 1.4854 	 77.8240 1.9108 	 89.9580 1.2171 	 161.8920 3.3340 	 259.1360 4.3850 	 258.9520 4.3249 
21 	 80.0240 1.4395 	 81.6280 1.4514 	 90.2460 1.3272 	 165.0000 2.9435 	 292.1120 4.0978 	 287.5120 4.6319 
22 	 77.4780 1.3900 	 75.0720 1.7506 	 88.4440 1.1465 	 153.2000 3.1202 	 230.1640 4.6020 	 234.0920 4.4523 
23 	 72.8160 1.7926 	 78.1040 1.5524 	 82.6000 1.4151 	 149.4960 2.8820 	 277.3160 4.1195 	 274.4280 4.7476 
24 	 76.4040 1.4980 	 75.4500 1.6618 	 86.2060 1.3013 	 150.0200 3.6860 	 242.5960 4.0810 	 242.7320 3.9229 
25 	 74.1920 1.4853 	 75.4840 1.9095 	 85.1580 1.2437 	 149.7440 3.4454 	 229.9520 4.8480 	 233.1920 4.9778 
26 	 82.0320 1.7479 	 80.9940 1.7236 	 92.0700 1.1475 	 168.6200 3.2278 	 288.4680 3.8024 	 284.3160 3.9717 
27 	 80.9000 1.5854 	 81.3060 1.4840 	 91.9300 1.2666 	 167.9120 3.0757 	 274.0400 4.0564 	 271.7880 4.5955 
28 	 68.3240 1.5941 	 65.9000 1.9650 	 77.4720 1.4963 	 128.8880 3.3334 	 198.1840 4.5686 	 203.6160 4.7990 
29 	 82.0360 1.7889 	 78.2380 1.8135 	 92.5880 1.3480 	 164.9880 2.9115 	 262.1720 4.7069 	 259.9520 5.0495 
30 	 68.4380 1.5811 	 72.4940 1.8465 	 78.4540 1.3627 	 137.8520 2.9155 	 219.1880 3.9169 	 223.8840 4.8460 
31 	 88.3360 1.5520 	 81.8080 1.7809 	 96.0520 1.0200 	 175.9040 2.9141 	 298.4760 4.2749 	 295.6760 5.1174 
32 	 78.4940 1.7607 	 77.7220 2.0505 	 88.6100 1.4780 	 157.2200 3.2113 	 254.7840 4.1084 	 253.3440 4.8581 
33 	 79.8740 1.5486 	 76.3500 1.9985 	 90.3080 1.2215 	 158.7080 2.8726 	 253.0560 4.1521 	 252.2120 4.5242 
34 	 79.7600 1.6300 	 78.6460 1.8281 	 89.5620 1.4382 	 163.1160 3.0985 	 275.0320 4.3630 	 273.5840 5.1683 
35 	 75.7420 1.5975 	 71.6400 1.8867 	 86.9780 1.3926 	 148.1880 3.1921 	 228.2360 4.0057 	 226.9120 4.7740 
36 	 71.6720 1.8470 	 73.4800 1.6942 	 81.7740 1.5470 	 147.6640 3.1618 	 265.0120 4.6486 	 265.4000 4.9189 
37 	 80.5640 1.6623 	 76.8120 2.0567 	 90.1960 1.2194 	 160.4200 2.7627 	 263.0360 4.1269 	 260.5840 4.4634 
38 	 75.8320 1.5473 	 72.8720 1.7713 	 87.3380 1.2680 	 149.3560 3.6545 	 233.2920 4.2836 	 234.7920 4.8705 
39 	 77.5100 1.5618 	 77.6180 1.7884 	 87.5680 1.3119 	 158.9000 2.9762 	 253.9200 4.1503 	 253.4120 4.5196 
40 	 84.6920 1.8485 	 84.4580 1.4493 	 93.7220 1.2220 	 173.5600 2.5518 	 307.9480 4.2590 	 305.1560 4.4723 
41 	 78.5820 1.7385 	 78.8820 1.7371 	 88.9360 1.1399 	 161.3680 3.2087 	 260.9120 3.8485 	 260.1640 4.3555 
42 	 70.9040 1.6301 	 76.6760 1.7672 	 80.4820 1.6724 	 147.3760 3.1539 	 251.2880 4.3971 	 252.1200 5.2254 
43 	 77.6380 1.7754 	 79.4420 1.8123 	 87.3080 1.2641 	 159.3000 2.8981 	 277.2240 4.1894 	 275.6720 4.1208 
44 	 76.9540 1.7470 	 78.2560 1.7132 	 87.1780 1.2546 	 158.3240 3.1770 	 258.8760 4.4228 	 260.1440 5.0579 
45 	 77.7820 1.3669 	 78.8980 1.6192 	 88.6820 1.2108 	 162.2920 3.3769 	 271.2920 3.7514 	 268.6000 4.6549 
