Task 	 PA 	 PA_NV 	 PA_SL 	 HetOTL 	 HetOTL_SL 	 OTLHS 
1 	 37.7040 1.6269 	 42.6160 1.9690 	 37.8880 1.6224 	 38.0640 1.6414 	 33.4420 1.4268 	 33.7500 1.5501 
2 	 27.1740 1.3329 	 35.0320 1.5156 	 26.0840 1.0187 	 26.9540 1.1406 	 24.4120 1.2312 	 25.0060 1.2834 
3 	 37.9960 1.8412 	 38.7780 1.8705 	 37.1580 1.5161 	 34.4960 1.5762 	 30.5420 1.4031 	 31.4280 1.4208 
4 	 41.5680 1.7722 	 44.4060 1.9207 	 41.6200 1.5801 	 40.6520 1.5041 	 35.1280 1.4095 	 35.5540 1.5906 
5 	 32.3520 1.4891 	 40.3140 1.8417 	 31.2840 1.3880 	 32.1200 1.2927 	 29.1040 1.2790 	 29.8180 1.4490 
6 	 30.5760 1.4169 	 35.4760 1.6399 	 29.7440 1.0955 	 29.0300 1.2493 	 25.3380 1.4508 	 25.7640 1.2268 
7 	 39.5660 1.6544 	 44.4160 1.8050 	 37.7220 1.3582 	 38.6780 1.3138 	 36.5960 1.6318 	 37.1080 1.6859 
8 	 42.5480 2.0007 	 42.9380 1.7752 	 41.3480 1.9290 	 39.6020 1.6960 	 34.7360 1.3780 	 35.7620 1.5933 
9 	 32.6880 1.6039 	 37.8980 1.6398 	 31.9340 1.3630 	 31.9080 1.2872 	 27.6060 1.2376 	 28.2920 1.3743 
10 	 39.7120 1.7285 	 41.7080 1.8904 	 39.7680 1.5673 	 38.2260 1.5239 	 34.7560 1.5025 	 35.1800 1.6565 
11 	 30.5240 1.4286 	 35.9080 1.4930 	 29.9940 1.3823 	 29.6640 1.3045 	 25.6020 1.0064 	 26.2040 1.3412 
12 	 41.4980 1.9335 	 41.5280 1.9591 	 41.3260 1.7667 	 38.1140 1.6414 	 32.6400 1.2556 	 33.6460 1.3522 
13 	 30.9440 1.5668 	 40.3940 1.6194 	 31.1000 1.4438 	 32.6100 1.5649 	 29.3000 1.3474 	 29.5540 1.4001 
14 	 29.6340 1.4766 	 36.1480 1.5989 	 28.4720 1.3335 	 28.4880 1.2628 	 24.7800 1.2425 	 25.8100 1.3365 
15 	 35.1020 1.6613 	 36.5480 1.4081 	 34.8060 1.3691 	 31.6240 1.5869 	 27.0820 1.2723 	 27.6720 1.3896 
16 	 41.1860 1.8129 	 44.1720 2.0231 	 40.7960 1.7252 	 40.3320 1.6525 	 35.5640 1.2978 	 36.1980 1.4635 
17 	 32.5560 1.3817 	 39.2600 1.6408 	 32.3900 1.3065 	 33.0680 1.5927 	 29.1460 1.4221 	 29.5100 1.2906 
18 	 30.6100 1.4987 	 37.6140 1.5633 	 30.2560 1.3737 	 30.8660 1.4065 	 26.9680 1.3465 	 27.3940 1.4072 
19 	 30.1880 1.4139 	 35.8420 1.5576 	 29.9040 1.3670 	 28.9580 1.3337 	 24.6160 1.3020 	 25.0860 1.3031 
20 	 34.1880 1.4366 	 39.8800 1.9355 	 33.9580 1.3267 	 34.6520 1.5470 	 30.4960 1.4269 	 30.9460 1.4904 
21 	 35.2640 1.5055 	 42.4020 1.8349 	 34.6560 1.2795 	 35.6220 1.4125 	 33.5300 1.2950 	 33.6180 1.4559 
22 	 28.7420 1.3857 	 34.7240 1.6956 	 28.8600 1.1482 	 27.4880 1.3065 	 23.9060 0.9898 	 24.3860 1.2434 
23 	 30.7640 1.3860 	 38.3080 1.9751 	 29.0160 1.2816 	 29.6440 1.3283 	 28.0220 1.4284 	 28.7760 1.4618 
24 	 31.8020 1.4925 	 33.9860 1.7125 	 30.7200 1.3199 	 27.3260 1.0654 	 23.9280 1.1447 	 24.7600 1.3339 
25 	 26.4620 1.2086 	 35.2280 1.5387 	 26.2460 1.2060 	 27.2000 1.2498 	 23.9820 0.9761 	 24.1480 1.1132 
26 	 37.7760 1.5343 	 41.1920 1.8299 	 37.0420 1.3863 	 36.2960 1.5910 	 32.3760 1.3574 	 32.8680 1.4889 
27 	 33.2720 1.6094 	 40.5340 1.6340 	 33.2300 1.4949 	 34.3200 1.5274 	 30.8740 1.4052 	 31.0760 1.6203 
28 	 24.4900 1.3866 	 26.5120 1.3225 	 23.8300 1.1218 	 20.9180 1.0067 	 17.4960 0.9430 	 18.2260 0.9972 
29 	 41.4540 1.7160 	 39.9740 1.6002 	 40.7080 1.7040 	 38.1720 1.6639 	 33.2880 1.4747 	 33.8480 1.5048 
30 	 26.3720 1.4567 	 32.1500 1.5472 	 25.2740 1.2396 	 24.4320 1.2500 	 21.7360 1.0723 	 22.5780 1.2520 
31 	 45.3660 2.0479 	 45.8200 2.0011 	 44.8940 1.9427 	 43.8520 1.8830 	 38.4040 1.4713 	 39.3340 1.7507 
32 	 34.4900 1.6476 	 39.1280 1.5778 	 33.8200 1.4521 	 32.7480 1.2291 	 28.7120 1.4818 	 29.4740 1.6252 
33 	 31.7680 1.6082 	 38.7060 1.7355 	 31.7920 1.3765 	 32.3680 1.5608 	 28.8840 1.2088 	 29.6760 1.3838 
34 	 37.4560 1.7385 	 41.3720 1.7343 	 36.2060 1.6282 	 36.6100 1.6016 	 33.4240 1.4870 	 33.9560 1.7462 
35 	 26.5860 1.3310 	 33.8040 1.4931 	 26.8440 1.2126 	 26.2160 1.1169 	 22.8340 1.1509 	 23.2120 1.1543 
36 	 31.6440 1.5618 	 36.2240 1.6622 	 29.3920 1.2808 	 29.8680 1.2669 	 27.4300 1.3979 	 29.2240 1.4967 
37 	 38.7100 1.8107 	 39.0860 1.7882 	 37.5180 1.4434 	 35.4800 1.7200 	 31.4220 1.4694 	 32.2060 1.3925 
38 	 27.6580 1.5746 	 34.0520 1.4003 	 27.6040 1.4724 	 27.5400 1.2209 	 23.6000 1.1919 	 24.1120 1.3301 
39 	 30.6060 1.4471 	 39.3220 1.6906 	 30.0320 1.2523 	 32.3260 1.4917 	 29.1160 1.3061 	 29.4560 1.3135 
40 	 43.3340 1.7963 	 47.6360 1.7480 	 42.1020 1.6209 	 43.6020 1.7323 	 40.1480 1.8301 	 41.1780 1.9231 
41 	 31.8720 1.5806 	 38.9820 1.5965 	 31.4600 1.4238 	 32.3840 1.4483 	 28.4760 1.2442 	 29.0320 1.2677 
42 	 29.3100 1.3962 	 36.3440 1.7533 	 27.7360 1.1744 	 28.7260 1.3587 	 26.6880 1.4518 	 27.5720 1.5372 
43 	 35.2540 1.3754 	 39.9440 1.9923 	 33.8700 1.2634 	 34.1720 1.2943 	 30.3540 1.2597 	 31.5320 1.3349 
44 	 30.9780 1.4950 	 38.8360 1.6826 	 30.2460 1.3023 	 31.4280 1.2214 	 27.3320 1.3240 	 28.2380 1.3679 
45 	 32.9600 1.5792 	 40.0060 1.9533 	 32.3840 1.4817 	 33.7220 1.4383 	 29.9500 1.4873 	 30.7280 1.4499 
