Task 	 PA 	 PA_NV 	 PA_SL 	 HetOTL 	 HetOTL_SL 	 OTLHS 
1 	 84.7820 1.5565 	 69.7480 1.1716 	 91.3580 1.1036 	 177.0640 2.5968 	 355.0600 3.5747 	 355.1120 3.5224 
2 	 70.9400 1.8378 	 60.5440 0.9242 	 77.6160 1.6235 	 151.7560 3.1485 	 303.2000 4.5625 	 303.3360 4.7367 
3 	 82.4800 1.6146 	 68.2360 1.0837 	 88.8820 1.4414 	 171.0480 2.6756 	 344.3720 3.8745 	 344.2440 3.9245 
4 	 86.6420 1.4040 	 71.6060 1.1883 	 92.8180 1.1385 	 179.9880 2.3341 	 356.6640 3.1405 	 356.5920 3.0798 
5 	 76.7180 1.7709 	 66.3140 1.1530 	 83.5880 1.5696 	 163.3760 2.8406 	 332.9560 3.9261 	 332.9200 3.9730 
6 	 75.3120 1.5803 	 70.7980 0.9249 	 82.4240 1.4045 	 163.0760 2.7104 	 325.8320 3.9550 	 325.8320 3.9019 
7 	 78.5900 1.9110 	 68.9900 1.1798 	 86.0720 1.7989 	 167.7720 2.8683 	 351.1880 3.5159 	 351.1640 3.5660 
8 	 81.6500 1.6979 	 70.7280 1.1019 	 89.2020 1.5417 	 173.9960 3.0407 	 353.4080 3.8251 	 353.3200 3.8503 
9 	 77.1740 1.7734 	 69.0000 1.0750 	 84.1380 1.5837 	 165.8600 3.0492 	 320.6520 3.8838 	 320.7920 3.8860 
10 	 84.3820 1.4986 	 64.0920 1.4593 	 90.8620 1.2911 	 170.7240 2.8882 	 352.1880 3.5375 	 352.1840 3.4743 
11 	 75.3720 1.7051 	 64.7360 1.1476 	 82.3380 1.6180 	 161.4600 3.3488 	 322.8400 3.8102 	 322.9120 3.8778 
12 	 86.5260 1.5514 	 73.0160 1.0578 	 92.7220 1.2053 	 179.3840 2.5134 	 364.1120 3.5213 	 364.0320 3.5481 
13 	 78.3940 1.8945 	 68.3380 1.0463 	 85.7300 1.6794 	 167.9080 2.7419 	 330.8080 3.7879 	 330.8240 3.8576 
14 	 73.0760 1.7544 	 61.6360 1.2195 	 79.9040 1.8338 	 156.1800 3.5191 	 314.8200 4.8126 	 314.8560 4.8659 
15 	 80.6480 1.6875 	 66.6540 1.0659 	 87.6600 1.5148 	 168.1920 2.8925 	 344.3080 3.7827 	 344.1920 3.7504 
16 	 85.0560 1.4177 	 73.2680 1.0683 	 91.2820 1.2912 	 177.8480 2.5740 	 356.7800 4.1113 	 356.6520 4.1342 
17 	 79.3460 1.6068 	 63.9840 1.3588 	 86.5240 1.3835 	 167.4760 3.2124 	 336.1040 3.4944 	 336.1200 3.4943 
18 	 77.3060 1.7633 	 68.1260 1.2373 	 84.2100 1.5467 	 165.9840 2.7348 	 323.0240 4.4966 	 323.0600 4.4358 
19 	 76.9460 1.6428 	 74.0800 0.8702 	 84.0800 1.4866 	 170.1520 2.5740 	 334.8520 3.7762 	 334.8440 3.7630 
20 	 80.3620 1.5371 	 66.8520 1.0097 	 86.9660 1.3475 	 168.0800 2.5388 	 334.6880 4.0895 	 334.5680 4.0566 
21 	 79.7680 1.4920 	 70.8580 1.1804 	 86.9420 1.4815 	 170.7160 2.8417 	 354.8120 3.6970 	 354.7680 3.6686 
22 	 77.4020 1.4277 	 73.0980 0.7926 	 84.6640 1.3082 	 170.4640 2.5181 	 334.5200 3.3858 	 334.5440 3.3585 
23 	 72.9160 1.8242 	 67.6820 0.9640 	 79.5900 1.6224 	 158.3160 3.0539 	 335.5360 4.1851 	 335.4600 4.2800 
24 	 76.2780 1.4999 	 70.0060 0.9566 	 83.3720 1.4327 	 165.3680 3.0697 	 334.8840 4.0082 	 334.9680 3.9839 
25 	 74.2400 1.6025 	 70.3980 0.9417 	 81.4220 1.4820 	 164.6640 2.7220 	 317.6400 4.3296 	 317.7360 4.3697 
26 	 81.7460 1.7974 	 69.6860 1.2518 	 88.5800 1.4291 	 173.0720 2.9255 	 344.4800 3.7467 	 344.3680 3.8188 
27 	 80.8360 1.5963 	 73.1420 1.0286 	 88.1620 1.3861 	 175.7520 2.5940 	 344.4600 4.0853 	 344.3600 4.0099 
28 	 68.4040 1.5642 	 65.1740 0.8237 	 75.2460 1.5554 	 151.9600 3.2997 	 305.7840 4.5814 	 305.9720 4.4883 
29 	 81.3660 1.8927 	 69.4240 1.2512 	 89.3620 1.6855 	 172.7320 2.9564 	 344.3480 4.1521 	 344.2040 4.2043 
30 	 68.3620 1.7206 	 65.4480 0.9172 	 75.5000 1.5386 	 152.7600 2.8802 	 310.7400 4.2816 	 311.3840 4.2437 
31 	 88.1620 1.5009 	 76.5420 0.9894 	 93.7060 1.2467 	 184.8800 2.4834 	 368.2560 3.3149 	 368.2160 3.3070 
32 	 78.4760 1.7555 	 74.6500 1.1251 	 85.4820 1.5050 	 172.2800 2.8611 	 342.3200 3.9377 	 342.1560 3.8656 
33 	 79.6960 1.6252 	 64.8820 1.2971 	 86.7580 1.2135 	 168.0240 2.9050 	 339.3520 4.0405 	 339.4640 4.1395 
34 	 79.6220 1.6458 	 69.6460 1.2302 	 86.5700 1.4640 	 170.3280 2.7785 	 348.4600 3.9681 	 348.5520 3.8772 
35 	 75.6900 1.6606 	 70.6280 1.1895 	 83.1400 1.5986 	 166.4600 2.8622 	 331.4600 4.4058 	 331.4200 4.3889 
36 	 71.9080 1.9847 	 61.8540 1.1320 	 78.6340 1.7200 	 154.0280 3.7126 	 318.9760 5.0744 	 319.3480 4.9985 
37 	 80.2060 1.6449 	 68.8880 1.4758 	 87.5800 1.3913 	 169.8480 3.0457 	 351.7480 3.7569 	 351.7120 3.7614 
38 	 75.7360 1.5883 	 66.5240 1.0490 	 83.2560 1.3418 	 164.1680 3.1032 	 325.9600 3.7088 	 325.9680 3.6971 
39 	 77.5560 1.6304 	 65.1380 1.0916 	 84.2200 1.3980 	 165.4560 2.6082 	 325.1080 4.1288 	 325.1160 4.1957 
40 	 84.2840 1.8084 	 74.1640 1.2015 	 91.0020 1.4908 	 179.2960 2.5967 	 360.4000 3.8130 	 360.3760 3.8509 
41 	 78.5180 1.7914 	 73.9740 0.7557 	 85.2180 1.4584 	 172.7280 2.5031 	 335.2400 4.1873 	 335.2680 4.0310 
42 	 71.0200 1.6545 	 65.6340 1.1010 	 77.7120 1.7374 	 156.5640 3.0712 	 315.0240 4.2962 	 315.1520 4.3534 
43 	 77.5960 1.7997 	 69.0760 0.9232 	 84.2040 1.3315 	 166.5960 2.8006 	 336.2240 3.7039 	 336.2680 3.7841 
44 	 77.0380 1.7204 	 70.5620 0.9276 	 83.5960 1.5927 	 167.7880 2.8639 	 324.2000 4.4395 	 324.5760 4.4237 
45 	 77.6060 1.5022 	 68.2300 1.1835 	 84.6880 1.2045 	 166.9360 2.8451 	 332.6840 3.6552 	 332.6280 3.6798 
