Task 	 PA 	 PA_NV 	 PA_SL 	 HetOTL 	 HetOTL_SL 	 OTLHS 
1 	 0.0053 0.0013 	 0.0124 0.0029 	 0.0120 0.0051 	 0.0162 0.0043 	 0.0374 0.0100 	 0.0363 0.0079 
2 	 0.0050 0.0013 	 0.0129 0.0030 	 0.0118 0.0029 	 0.0165 0.0038 	 0.0370 0.0078 	 0.0363 0.0078 
3 	 0.0049 0.0011 	 0.0118 0.0024 	 0.0111 0.0024 	 0.0155 0.0030 	 0.0351 0.0063 	 0.0347 0.0060 
4 	 0.0053 0.0013 	 0.0123 0.0026 	 0.0114 0.0027 	 0.0162 0.0034 	 0.0365 0.0072 	 0.0365 0.0070 
5 	 0.0049 0.0012 	 0.0124 0.0027 	 0.0112 0.0024 	 0.0162 0.0034 	 0.0371 0.0075 	 0.0357 0.0069 
6 	 0.0048 0.0011 	 0.0123 0.0026 	 0.0113 0.0025 	 0.0157 0.0032 	 0.0354 0.0066 	 0.0354 0.0069 
7 	 0.0047 0.0010 	 0.0120 0.0023 	 0.0110 0.0021 	 0.0160 0.0034 	 0.0364 0.0067 	 0.0360 0.0068 
8 	 0.0050 0.0010 	 0.0122 0.0024 	 0.0114 0.0024 	 0.0164 0.0034 	 0.0368 0.0068 	 0.0368 0.0071 
9 	 0.0051 0.0013 	 0.0128 0.0031 	 0.0117 0.0028 	 0.0165 0.0037 	 0.0369 0.0079 	 0.0360 0.0077 
10 	 0.0049 0.0011 	 0.0115 0.0021 	 0.0109 0.0021 	 0.0154 0.0029 	 0.0353 0.0062 	 0.0345 0.0056 
11 	 0.0047 0.0010 	 0.0119 0.0024 	 0.0108 0.0022 	 0.0153 0.0028 	 0.0345 0.0062 	 0.0339 0.0055 
12 	 0.0051 0.0012 	 0.0123 0.0026 	 0.0112 0.0025 	 0.0164 0.0034 	 0.0375 0.0075 	 0.0366 0.0071 
13 	 0.0047 0.0010 	 0.0121 0.0025 	 0.0106 0.0020 	 0.0159 0.0032 	 0.0353 0.0067 	 0.0349 0.0066 
14 	 0.0048 0.0012 	 0.0120 0.0025 	 0.0110 0.0024 	 0.0158 0.0034 	 0.0346 0.0067 	 0.0342 0.0063 
15 	 0.0053 0.0013 	 0.0128 0.0029 	 0.0119 0.0029 	 0.0166 0.0037 	 0.0378 0.0083 	 0.0375 0.0079 
16 	 0.0051 0.0012 	 0.0124 0.0025 	 0.0112 0.0025 	 0.0162 0.0031 	 0.0362 0.0064 	 0.0362 0.0068 
17 	 0.0049 0.0011 	 0.0120 0.0023 	 0.0111 0.0024 	 0.0160 0.0032 	 0.0357 0.0065 	 0.0354 0.0066 
18 	 0.0049 0.0011 	 0.0122 0.0026 	 0.0110 0.0023 	 0.0157 0.0032 	 0.0350 0.0066 	 0.0345 0.0061 
19 	 0.0049 0.0012 	 0.0124 0.0027 	 0.0114 0.0025 	 0.0164 0.0036 	 0.0359 0.0070 	 0.0364 0.0076 
20 	 0.0052 0.0013 	 0.0129 0.0030 	 0.0117 0.0028 	 0.0164 0.0037 	 0.0377 0.0080 	 0.0370 0.0078 
21 	 0.0050 0.0012 	 0.0127 0.0028 	 0.0114 0.0027 	 0.0161 0.0035 	 0.0375 0.0076 	 0.0368 0.0074 
22 	 0.0050 0.0012 	 0.0126 0.0028 	 0.0114 0.0027 	 0.0165 0.0037 	 0.0363 0.0072 	 0.0364 0.0075 
23 	 0.0050 0.0013 	 0.0127 0.0028 	 0.0113 0.0027 	 0.0160 0.0034 	 0.0358 0.0069 	 0.0368 0.0077 
24 	 0.0049 0.0012 	 0.0123 0.0027 	 0.0110 0.0025 	 0.0156 0.0030 	 0.0353 0.0065 	 0.0351 0.0064 
25 	 0.0048 0.0011 	 0.0123 0.0024 	 0.0109 0.0023 	 0.0159 0.0032 	 0.0349 0.0059 	 0.0346 0.0063 
26 	 0.0048 0.0010 	 0.0122 0.0026 	 0.0108 0.0023 	 0.0161 0.0034 	 0.0364 0.0071 	 0.0356 0.0069 
27 	 0.0056 0.0015 	 0.0141 0.0034 	 0.0125 0.0031 	 0.0185 0.0043 	 0.0406 0.0089 	 0.0400 0.0086 
28 	 0.0046 0.0012 	 0.0121 0.0025 	 0.0109 0.0024 	 0.0159 0.0036 	 0.0346 0.0067 	 0.0341 0.0066 
29 	 0.0051 0.0012 	 0.0124 0.0027 	 0.0115 0.0026 	 0.0163 0.0032 	 0.0365 0.0068 	 0.0365 0.0071 
30 	 0.0046 0.0010 	 0.0121 0.0025 	 0.0108 0.0023 	 0.0153 0.0030 	 0.0346 0.0067 	 0.0338 0.0063 
31 	 0.0055 0.0014 	 0.0131 0.0029 	 0.0117 0.0026 	 0.0173 0.0037 	 0.0379 0.0075 	 0.0380 0.0078 
32 	 0.0051 0.0012 	 0.0127 0.0027 	 0.0116 0.0026 	 0.0163 0.0036 	 0.0367 0.0074 	 0.0361 0.0068 
33 	 0.0049 0.0011 	 0.0121 0.0025 	 0.0111 0.0024 	 0.0158 0.0033 	 0.0363 0.0071 	 0.0354 0.0065 
34 	 0.0050 0.0011 	 0.0125 0.0026 	 0.0114 0.0026 	 0.0166 0.0036 	 0.0374 0.0076 	 0.0372 0.0076 
35 	 0.0046 0.0010 	 0.0118 0.0022 	 0.0106 0.0021 	 0.0154 0.0031 	 0.0346 0.0060 	 0.0347 0.0067 
36 	 0.0046 0.0010 	 0.0119 0.0025 	 0.0109 0.0024 	 0.0156 0.0032 	 0.0353 0.0070 	 0.0348 0.0067 
37 	 0.0050 0.0011 	 0.0123 0.0025 	 0.0111 0.0023 	 0.0161 0.0032 	 0.0365 0.0069 	 0.0355 0.0062 
38 	 0.0049 0.0011 	 0.0122 0.0026 	 0.0109 0.0023 	 0.0158 0.0033 	 0.0354 0.0069 	 0.0349 0.0065 
39 	 0.0050 0.0011 	 0.0123 0.0027 	 0.0113 0.0026 	 0.0162 0.0036 	 0.0358 0.0072 	 0.0353 0.0070 
40 	 0.0050 0.0011 	 0.0121 0.0024 	 0.0112 0.0024 	 0.0159 0.0030 	 0.0360 0.0063 	 0.0360 0.0066 
41 	 0.0049 0.0011 	 0.0123 0.0026 	 0.0111 0.0024 	 0.0160 0.0035 	 0.0356 0.0069 	 0.0345 0.0060 
42 	 0.0045 0.0010 	 0.0117 0.0022 	 0.0106 0.0023 	 0.0153 0.0030 	 0.0339 0.0060 	 0.0338 0.0064 
43 	 0.0049 0.0012 	 0.0123 0.0027 	 0.0111 0.0024 	 0.0159 0.0034 	 0.0360 0.0072 	 0.0355 0.0073 
44 	 0.0049 0.0011 	 0.0124 0.0026 	 0.0112 0.0024 	 0.0161 0.0032 	 0.0360 0.0072 	 0.0352 0.0067 
45 	 0.0048 0.0010 	 0.0118 0.0024 	 0.0108 0.0023 	 0.0156 0.0032 	 0.0349 0.0059 	 0.0347 0.0063 
