Task 	 PA 	 PA_NV 	 PA_SL 	 HetOTL 	 HetOTL_SL 	 OTLHS 
1 	 37.8300 1.6422 	 40.4620 1.7845 	 37.5020 1.6447 	 39.6620 1.8094 	 36.1080 1.8040 	 36.1800 1.8386 
2 	 27.5600 1.2937 	 34.0100 1.4635 	 26.4940 1.1584 	 28.3100 1.2997 	 24.7860 1.3012 	 24.9320 1.3541 
3 	 38.2820 1.8077 	 35.8480 1.8749 	 37.3380 1.6237 	 36.9280 1.7257 	 33.1140 1.6914 	 33.1780 1.6923 
4 	 41.6700 1.7402 	 43.2160 1.8720 	 41.1580 1.7464 	 42.6800 1.6248 	 38.6820 1.7868 	 38.7020 1.7872 
5 	 32.7200 1.5106 	 39.7760 1.7109 	 31.6120 1.3543 	 34.1060 1.6476 	 30.4040 1.4534 	 30.4900 1.4725 
6 	 30.8020 1.4336 	 34.4260 1.5289 	 29.8120 1.2394 	 31.2200 1.5315 	 28.0040 1.5170 	 28.0380 1.5292 
7 	 40.0800 1.8344 	 42.6700 1.5958 	 38.5360 1.5400 	 39.7680 1.7086 	 38.3600 1.7837 	 38.4700 1.7871 
8 	 42.8920 2.0071 	 40.1520 1.4875 	 41.6060 1.8655 	 41.7020 1.8156 	 39.3080 1.7680 	 39.3360 1.8115 
9 	 33.1300 1.4876 	 37.0620 1.5974 	 31.9320 1.4769 	 33.5360 1.5911 	 29.5780 1.4105 	 29.6560 1.4445 
10 	 39.9160 1.8574 	 42.0160 2.0766 	 39.3640 1.5496 	 40.2980 1.6353 	 38.2520 1.7621 	 38.3520 1.7830 
11 	 30.7380 1.4855 	 36.8140 1.8624 	 29.7780 1.4298 	 32.2280 1.3306 	 28.5460 1.4619 	 28.6160 1.4624 
12 	 41.7140 1.9036 	 41.2280 1.5453 	 41.2820 1.7125 	 40.8160 1.8345 	 38.4640 1.8126 	 38.5000 1.7826 
13 	 31.0260 1.5212 	 39.9880 1.8110 	 30.6800 1.5154 	 32.9920 1.6023 	 28.8340 1.5526 	 28.8460 1.5536 
14 	 29.9400 1.3652 	 35.0340 1.8044 	 28.8080 1.4307 	 31.6860 1.6074 	 27.5120 1.4294 	 27.5900 1.3939 
15 	 35.2060 1.6919 	 35.5960 1.5093 	 34.5240 1.3706 	 35.6280 1.5758 	 31.5600 1.8760 	 31.5720 1.8764 
16 	 41.2500 1.8500 	 43.7780 1.7146 	 40.5520 1.7040 	 42.8800 1.8841 	 38.9360 1.6786 	 38.9560 1.6618 
17 	 32.7180 1.4056 	 36.9940 1.7192 	 32.0740 1.3706 	 34.4820 1.8392 	 31.0040 1.5007 	 31.0440 1.5405 
18 	 30.7460 1.5492 	 37.2480 1.7331 	 30.1820 1.3306 	 32.8520 1.3797 	 28.0300 1.5288 	 28.1040 1.5150 
19 	 30.3200 1.4553 	 33.9080 1.6705 	 29.7580 1.2444 	 31.7300 1.4057 	 28.1980 1.5897 	 28.2460 1.5745 
20 	 34.3780 1.4469 	 41.8000 1.8124 	 33.8380 1.3794 	 35.3720 1.3984 	 31.8740 1.7251 	 31.8980 1.7236 
21 	 35.4500 1.5563 	 42.5320 1.6617 	 34.6960 1.4770 	 36.6520 1.5363 	 35.3340 1.7570 	 35.3160 1.7526 
22 	 28.8300 1.3793 	 38.1440 1.5316 	 28.5140 1.2846 	 29.6880 1.3280 	 26.3160 1.6074 	 26.3380 1.6027 
23 	 31.2300 1.3988 	 38.6120 1.4004 	 29.6660 1.2476 	 31.2680 1.4375 	 30.5080 1.5352 	 30.5300 1.5537 
24 	 32.1240 1.5489 	 36.7520 1.6777 	 31.0720 1.4172 	 31.4580 1.3264 	 28.4200 1.3643 	 28.4620 1.3676 
25 	 26.7080 1.1555 	 38.0780 1.6512 	 25.9220 1.2501 	 28.7120 1.4359 	 24.3900 1.5046 	 24.4300 1.4908 
26 	 38.0100 1.5859 	 41.4560 1.9801 	 37.0880 1.5695 	 37.8960 1.7017 	 34.9820 1.4542 	 35.0020 1.4654 
27 	 33.5320 1.6278 	 39.1640 1.7043 	 32.7540 1.4439 	 35.1760 1.5380 	 31.7740 1.7486 	 31.8100 1.7213 
28 	 24.8180 1.3892 	 28.8640 1.4672 	 23.8340 1.2250 	 24.9160 1.0981 	 21.3260 1.1901 	 21.3680 1.2009 
29 	 41.8860 1.7591 	 39.5000 1.8105 	 40.8520 1.8168 	 40.6680 1.7932 	 37.3580 1.7346 	 37.4720 1.7582 
30 	 26.5680 1.4704 	 31.1680 1.5334 	 25.5460 1.3405 	 27.2560 1.4727 	 24.2240 1.5521 	 24.2940 1.5472 
31 	 45.4900 2.0415 	 42.9780 2.0697 	 44.9420 2.0053 	 45.3940 1.8921 	 42.6600 1.9583 	 42.7260 1.9436 
32 	 34.7660 1.6038 	 36.5140 1.7536 	 33.7920 1.4400 	 36.1800 1.5132 	 32.6420 1.8329 	 32.6720 1.8194 
33 	 31.9740 1.5798 	 39.9240 1.8451 	 31.3440 1.4551 	 33.7480 1.7022 	 30.5800 1.7525 	 30.5800 1.7295 
34 	 37.6620 1.6862 	 41.8000 1.8803 	 36.5320 1.5978 	 38.5960 1.6987 	 36.6600 1.8045 	 36.7340 1.8593 
35 	 26.7340 1.3086 	 37.1220 1.7498 	 26.2540 1.3119 	 29.6100 1.3678 	 26.4200 1.6084 	 26.4520 1.6112 
36 	 32.2180 1.4259 	 34.2200 1.4671 	 30.4260 1.3788 	 32.1800 1.3356 	 30.9780 1.6168 	 31.0820 1.5985 
37 	 39.0520 1.8739 	 37.9420 1.6593 	 37.8480 1.7158 	 38.9420 1.5464 	 36.7280 1.8474 	 36.7160 1.8454 
38 	 27.7760 1.4873 	 33.9680 1.4170 	 27.1960 1.3935 	 29.6640 1.4958 	 25.9920 1.5583 	 25.9920 1.5492 
39 	 30.9240 1.5410 	 39.8560 1.9860 	 29.9220 1.3818 	 32.8720 1.4095 	 29.6100 1.5083 	 29.6660 1.4907 
40 	 43.6700 1.8568 	 48.3000 1.8052 	 42.5360 1.7906 	 45.1960 1.7466 	 43.2520 1.8633 	 43.2940 1.9064 
41 	 32.0400 1.5098 	 37.9140 1.5736 	 31.2200 1.5451 	 32.0380 1.4015 	 29.7780 1.6685 	 29.8400 1.6576 
42 	 29.7740 1.4090 	 34.3980 1.9134 	 28.2360 1.2212 	 30.3180 1.5053 	 28.0300 1.5968 	 28.1480 1.5785 
43 	 35.7700 1.4097 	 37.2240 1.4487 	 34.3780 1.3248 	 35.6120 1.5117 	 33.2260 1.7763 	 33.2920 1.7264 
44 	 31.3100 1.5270 	 38.8780 1.6624 	 30.2240 1.4618 	 32.3760 1.4851 	 29.1700 1.5054 	 29.2060 1.5073 
45 	 33.2760 1.6065 	 37.8740 1.7335 	 32.3000 1.4582 	 34.5780 1.6587 	 31.3980 1.7860 	 31.3840 1.8088 
