Task 	 PA 	 PA_NV 	 PA_SL 	 HetOTL 	 HetOTL_SL 	 OTLHS 
1 	 84.7820 1.5565 	 70.6620 1.1942 	 91.3580 1.1036 	 177.0640 2.5968 	 355.0640 3.5755 	 355.1120 3.5224 
2 	 70.9400 1.8378 	 60.9020 0.9014 	 77.6160 1.6235 	 151.7560 3.1485 	 303.1960 4.5612 	 303.3320 4.7319 
3 	 82.4800 1.6146 	 68.5900 1.1077 	 88.8820 1.4414 	 171.0480 2.6756 	 344.3800 3.8729 	 344.2440 3.9245 
4 	 86.6420 1.4040 	 72.4140 1.2395 	 92.8180 1.1385 	 179.9880 2.3341 	 356.6560 3.1411 	 356.5880 3.0829 
5 	 76.7180 1.7709 	 66.4940 1.1670 	 83.5880 1.5696 	 163.3760 2.8406 	 332.9600 3.9315 	 332.9160 3.9717 
6 	 75.3120 1.5803 	 70.9780 0.9359 	 82.4240 1.4045 	 163.0760 2.7104 	 325.8320 3.9550 	 325.8320 3.9019 
7 	 78.5900 1.9110 	 68.9900 1.1798 	 86.0720 1.7989 	 167.7720 2.8683 	 351.1880 3.5159 	 351.1600 3.5689 
8 	 81.6500 1.6979 	 70.7280 1.1019 	 89.2020 1.5417 	 173.9960 3.0407 	 353.4120 3.8221 	 353.3240 3.8466 
9 	 77.1740 1.7734 	 69.0340 1.0940 	 84.1380 1.5837 	 165.8600 3.0492 	 320.6520 3.8838 	 320.7920 3.8860 
10 	 84.3820 1.4986 	 65.0380 1.3815 	 90.8620 1.2911 	 170.7240 2.8882 	 352.1960 3.5311 	 352.1800 3.4668 
11 	 75.3720 1.7051 	 65.3640 1.1573 	 82.3380 1.6180 	 161.4560 3.3503 	 322.8360 3.8067 	 322.9120 3.8778 
12 	 86.5260 1.5514 	 73.9280 1.0808 	 92.7220 1.2053 	 179.3840 2.5134 	 364.1160 3.5205 	 364.0400 3.5457 
13 	 78.3940 1.8945 	 68.9140 1.0784 	 85.7300 1.6794 	 167.9120 2.7411 	 330.7960 3.7988 	 330.8200 3.8591 
14 	 73.0760 1.7544 	 62.5260 1.3576 	 79.9040 1.8338 	 156.1800 3.5191 	 314.8160 4.8138 	 314.8480 4.8660 
15 	 80.6480 1.6875 	 67.6020 1.1587 	 87.6600 1.5148 	 168.1920 2.8925 	 344.3080 3.7827 	 344.1880 3.7525 
16 	 85.0560 1.4177 	 74.0580 1.1022 	 91.2820 1.2912 	 177.8440 2.5753 	 356.7880 4.1118 	 356.6520 4.1330 
17 	 79.3460 1.6068 	 64.5380 1.3694 	 86.5240 1.3835 	 167.4760 3.2124 	 336.1000 3.4984 	 336.1200 3.4957 
18 	 77.3060 1.7633 	 68.9840 1.2321 	 84.2100 1.5467 	 165.9760 2.7241 	 323.0240 4.4973 	 323.0600 4.4358 
19 	 76.9460 1.6428 	 74.5640 0.8814 	 84.0800 1.4866 	 170.1520 2.5740 	 334.8520 3.7762 	 334.8440 3.7630 
20 	 80.3620 1.5371 	 67.5960 1.0787 	 86.9660 1.3475 	 168.0800 2.5388 	 334.6840 4.0880 	 334.5680 4.0566 
21 	 79.7680 1.4920 	 70.8580 1.1804 	 86.9420 1.4815 	 170.7160 2.8417 	 354.8000 3.7086 	 354.7680 3.6633 
22 	 77.4020 1.4277 	 73.2940 0.8128 	 84.6640 1.3082 	 170.4640 2.5181 	 334.5200 3.3896 	 334.5400 3.3589 
23 	 72.9160 1.8242 	 67.6820 0.9640 	 79.5900 1.6224 	 158.3160 3.0539 	 335.5320 4.1783 	 335.4520 4.2775 
24 	 76.2780 1.4999 	 70.0060 0.9566 	 83.3720 1.4327 	 165.3680 3.0697 	 334.8800 4.0052 	 334.9640 3.9806 
25 	 74.2400 1.6025 	 70.8780 0.9851 	 81.4220 1.4820 	 164.6640 2.7220 	 317.6320 4.3290 	 317.7240 4.3669 
26 	 81.7460 1.7974 	 70.5300 1.2271 	 88.5800 1.4291 	 173.0720 2.9255 	 344.4720 3.7594 	 344.3680 3.8167 
27 	 80.8360 1.5963 	 73.2540 1.0339 	 88.1620 1.3861 	 175.7520 2.5940 	 344.4600 4.0853 	 344.3640 4.0061 
28 	 68.4040 1.5642 	 65.4840 0.8804 	 75.2460 1.5554 	 151.9600 3.2997 	 305.7840 4.5849 	 305.9720 4.4883 
29 	 81.3660 1.8927 	 69.4340 1.2572 	 89.3620 1.6855 	 172.7320 2.9564 	 344.3480 4.1564 	 344.2080 4.2023 
30 	 68.3620 1.7206 	 65.8200 0.9604 	 75.5000 1.5386 	 152.7600 2.8802 	 310.7400 4.2834 	 311.3880 4.2444 
31 	 88.1620 1.5009 	 77.8100 1.0302 	 93.7060 1.2467 	 184.8800 2.4834 	 368.2520 3.3140 	 368.2240 3.3079 
32 	 78.4760 1.7555 	 75.3220 1.1550 	 85.4820 1.5050 	 172.2800 2.8611 	 342.3200 3.9377 	 342.1560 3.8656 
33 	 79.6960 1.6252 	 65.8080 1.2830 	 86.7580 1.2135 	 168.0240 2.9050 	 339.3440 4.0352 	 339.4600 4.1399 
34 	 79.6220 1.6458 	 69.8080 1.2283 	 86.5700 1.4640 	 170.3280 2.7785 	 348.4600 3.9681 	 348.5520 3.8772 
35 	 75.6900 1.6606 	 71.3100 1.1725 	 83.1400 1.5986 	 166.4600 2.8622 	 331.4600 4.4014 	 331.4200 4.3889 
36 	 71.9080 1.9847 	 61.9840 1.1664 	 78.6340 1.7200 	 154.0280 3.7126 	 318.9680 5.0674 	 319.3520 5.0027 
37 	 80.2060 1.6449 	 69.0700 1.4518 	 87.5800 1.3913 	 169.8480 3.0457 	 351.7560 3.7510 	 351.7120 3.7571 
38 	 75.7360 1.5883 	 66.8420 1.0531 	 83.2560 1.3418 	 164.1680 3.1032 	 325.9560 3.7024 	 325.9600 3.6861 
39 	 77.5560 1.6304 	 65.7140 1.1214 	 84.2200 1.3980 	 165.4560 2.6082 	 325.1080 4.1288 	 325.1120 4.1951 
40 	 84.2840 1.8084 	 74.3880 1.2016 	 91.0020 1.4908 	 179.2920 2.5885 	 360.3920 3.8177 	 360.3760 3.8614 
41 	 78.5180 1.7914 	 74.7960 0.7831 	 85.2180 1.4584 	 172.7280 2.5031 	 335.2440 4.1910 	 335.2720 4.0323 
42 	 71.0200 1.6545 	 65.7360 1.0787 	 77.7120 1.7374 	 156.5640 3.0712 	 315.0240 4.3079 	 315.1520 4.3534 
43 	 77.5960 1.7997 	 69.2980 0.9456 	 84.2040 1.3315 	 166.5960 2.8006 	 336.2240 3.6996 	 336.2680 3.7841 
44 	 77.0380 1.7204 	 71.2600 0.9784 	 83.5960 1.5927 	 167.7880 2.8639 	 324.1960 4.4409 	 324.5680 4.4284 
45 	 77.6060 1.5022 	 68.7160 1.1548 	 84.6880 1.2045 	 166.9360 2.8451 	 332.6800 3.6579 	 332.6240 3.6754 
