Task 	 PA 	 PA_NV 	 PA_SL 	 HetOTL 	 HetOTL_SL 	 OTLHS 
1 	 47.2540 1.1342 	 44.2500 1.2541 	 45.8640 1.2485 	 47.9700 1.2460 	 41.6320 1.8294 	 38.4600 1.5818 
2 	 31.9000 1.3599 	 36.0720 1.3608 	 30.9300 1.2353 	 37.1780 2.8483 	 29.7740 1.7845 	 27.4260 1.2568 
3 	 41.6080 1.1610 	 41.0760 1.3378 	 40.9900 1.0762 	 43.5700 2.0987 	 36.8480 1.8118 	 33.4960 1.3259 
4 	 48.3140 1.3395 	 46.1640 1.1604 	 47.3200 1.3089 	 48.7000 1.3329 	 42.3540 1.4991 	 38.8740 1.2099 
5 	 38.0320 1.3534 	 41.7920 1.2243 	 36.9620 1.3671 	 44.3220 2.1727 	 35.4580 1.8717 	 32.2660 1.3894 
6 	 36.9680 1.2948 	 37.4880 1.3000 	 35.9200 1.2482 	 39.4040 2.6325 	 33.2500 1.7925 	 29.2160 1.2658 
7 	 41.6980 1.2152 	 46.4200 1.1873 	 40.4520 1.3729 	 46.1520 1.7238 	 45.0000 1.8703 	 40.3480 1.4955 
8 	 46.4100 1.2856 	 44.4800 1.4377 	 45.2220 1.4575 	 47.7480 1.3198 	 42.5580 1.8116 	 38.0060 1.5543 
9 	 40.1560 1.2876 	 40.8480 1.2852 	 38.7820 1.3451 	 43.8240 2.5997 	 35.5460 1.9764 	 31.1860 1.4333 
10 	 47.3740 1.3507 	 43.7660 1.3114 	 46.2560 1.3795 	 47.5040 1.2551 	 42.9900 1.6688 	 39.2180 1.4948 
11 	 37.5940 1.1991 	 35.1760 1.4308 	 36.9040 1.2179 	 40.6100 2.9156 	 33.3920 1.9336 	 29.5480 1.1598 
12 	 47.9320 1.2627 	 41.6160 1.2166 	 46.8900 1.3334 	 45.5360 2.0595 	 40.8220 2.2709 	 36.4760 1.4224 
13 	 41.9400 1.3939 	 39.1820 1.3442 	 39.7480 1.4627 	 43.0920 2.7072 	 36.4920 2.2332 	 33.4720 1.3075 
14 	 33.3620 1.3112 	 36.8240 1.4487 	 32.8580 1.2656 	 39.3520 2.8287 	 31.3900 2.1710 	 27.3600 1.3427 
15 	 41.5600 1.2993 	 36.8780 1.3339 	 40.5980 1.2869 	 42.6620 2.6209 	 35.7200 2.1221 	 31.3740 1.3134 
16 	 47.4640 1.2614 	 44.1240 1.3042 	 46.2960 1.2847 	 47.3160 1.4476 	 43.4360 1.8156 	 39.0840 1.4490 
17 	 42.8280 1.4125 	 40.2020 1.6826 	 40.7040 1.4424 	 44.1620 2.3193 	 38.2940 2.3079 	 34.7400 1.2600 
18 	 40.3400 1.5783 	 40.1280 1.3991 	 38.2980 1.5713 	 42.9480 2.7808 	 38.5120 2.3356 	 33.2260 1.5095 
19 	 37.8140 1.4330 	 41.0160 1.6029 	 36.6440 1.2822 	 42.4560 2.5893 	 36.3560 2.3243 	 29.9660 1.4397 
20 	 42.9040 1.4851 	 42.1700 1.3939 	 41.1320 1.4191 	 46.2620 2.5490 	 39.7620 2.0561 	 35.7880 1.3079 
21 	 39.8060 1.2916 	 45.7020 1.2853 	 38.2760 1.3281 	 46.3200 2.2789 	 44.9060 1.7062 	 38.5120 1.5446 
22 	 41.1920 1.7261 	 37.3240 1.3516 	 39.3920 1.5668 	 44.9400 3.1734 	 37.1260 2.0001 	 29.5820 1.3979 
23 	 32.7820 1.2579 	 41.8880 1.6001 	 31.4980 1.0419 	 40.4880 3.2638 	 37.4020 2.4112 	 31.6880 1.4476 
24 	 36.5980 1.3761 	 36.1100 1.5861 	 35.3200 1.2849 	 41.2860 3.1983 	 33.1460 2.8181 	 28.4800 1.4273 
25 	 37.9400 1.6843 	 36.1740 1.5307 	 36.0700 1.7276 	 43.7040 2.9814 	 32.4480 2.2109 	 28.1840 1.1458 
26 	 45.2240 1.4742 	 44.9480 1.8285 	 42.8380 1.4041 	 46.7260 1.7665 	 43.6540 2.1768 	 37.7520 1.4771 
27 	 44.1420 1.3524 	 43.2640 1.2766 	 41.8900 1.4527 	 45.7480 2.2141 	 41.0840 2.3086 	 35.9540 1.3736 
28 	 30.4420 1.1418 	 28.4760 1.4261 	 29.8680 1.1246 	 30.5380 2.8284 	 24.3980 1.9415 	 21.0880 1.0781 
29 	 45.5160 1.1947 	 42.7260 1.3435 	 44.5620 1.3004 	 46.6800 1.9856 	 40.1780 1.6118 	 37.0220 1.3888 
30 	 31.2080 1.1031 	 34.5220 1.3774 	 30.4920 1.3341 	 35.0600 2.6993 	 27.7240 1.9177 	 24.1620 1.0990 
31 	 48.6040 1.1213 	 47.8220 1.3981 	 47.8240 1.2340 	 48.9380 0.8407 	 45.5680 1.6713 	 41.8660 1.6083 
32 	 40.8140 1.2987 	 42.0060 1.0766 	 39.7220 1.2180 	 42.9120 2.2434 	 38.4980 2.2928 	 32.4840 1.5274 
33 	 42.7080 1.5407 	 37.4540 1.4506 	 41.0740 1.4814 	 43.0720 2.4382 	 36.1980 2.2623 	 32.1800 1.4060 
34 	 41.8240 1.2894 	 42.9980 1.3494 	 40.5040 1.2711 	 44.5820 2.1494 	 40.0960 2.1588 	 36.5240 1.6160 
35 	 38.8780 1.6500 	 35.3200 1.5505 	 36.8360 1.4529 	 39.5540 3.4218 	 33.6140 2.6131 	 27.7640 1.5123 
36 	 32.9300 1.1859 	 36.3180 1.2054 	 31.7320 1.1991 	 36.1320 2.3901 	 32.9820 2.2284 	 29.3400 1.2506 
37 	 41.0800 1.1683 	 42.4300 1.2078 	 39.9160 1.0848 	 45.6020 1.9030 	 39.2780 2.0993 	 34.9720 1.5643 
38 	 39.9880 1.5840 	 33.8760 1.6103 	 37.8420 1.7371 	 42.0500 3.5653 	 33.3140 2.4066 	 27.9000 1.4759 
39 	 38.9320 1.7193 	 43.2460 1.4064 	 37.0420 1.5498 	 44.4060 2.4090 	 37.7900 2.4075 	 33.5680 1.3954 
40 	 44.9280 1.3170 	 48.0260 1.3599 	 43.8620 1.2693 	 48.0060 1.1715 	 45.4620 1.7861 	 42.1060 1.4237 
41 	 41.2820 1.4861 	 44.0680 1.4534 	 38.5520 1.3728 	 44.8940 2.5490 	 38.6980 2.2995 	 33.8660 1.5904 
42 	 32.7100 1.4596 	 40.1820 1.5351 	 31.5100 1.3145 	 38.6120 2.6242 	 33.4880 2.1466 	 29.9440 1.2758 
43 	 39.1140 1.2264 	 43.9540 1.3597 	 37.5800 1.2317 	 45.0100 2.7980 	 40.7620 2.1608 	 34.8080 1.4999 
44 	 39.7460 1.6512 	 43.1300 1.5035 	 37.1860 1.3595 	 43.3980 2.4237 	 40.5580 2.0343 	 32.4660 1.3621 
45 	 42.3180 1.5085 	 42.7900 1.5695 	 39.6980 1.3655 	 46.2140 2.4404 	 40.9480 2.0056 	 35.0300 1.4014 
