Task 	 PA 	 PA_NV 	 PA_SL 	 HetOTL 	 HetOTL_SL 	 OTLHS 
1 	 98.7500 0.9434 	 96.4460 1.2716 	 99.9980 0.0200 	 199.1160 1.1752 	 393.6360 3.2462 	 360.7840 2.5816 
2 	 88.9800 0.9988 	 94.2360 0.9696 	 99.1100 0.5992 	 194.9160 1.6204 	 353.3800 2.2051 	 299.8480 2.4412 
3 	 96.5220 0.9892 	 97.0440 1.3694 	 99.8400 0.3101 	 199.6520 0.6499 	 383.4160 2.7837 	 338.7000 2.3389 
4 	 99.0220 1.1002 	 97.7740 1.5089 	 100.0000 0.0000 	 199.7640 0.6801 	 393.2880 3.8880 	 361.6480 2.6413 
5 	 95.1440 1.0579 	 96.7140 1.2320 	 99.8880 0.2500 	 197.2520 1.4164 	 384.0000 2.7195 	 340.9840 2.4151 
6 	 95.3160 0.9142 	 95.5460 1.0670 	 99.8900 0.2263 	 199.4080 0.9211 	 381.4480 2.8499 	 333.6680 2.7783 
7 	 96.3160 1.4606 	 97.6680 0.9031 	 99.9860 0.0652 	 199.6640 0.6142 	 387.6760 2.0661 	 370.8800 2.7177 
8 	 97.6340 0.9560 	 97.0700 1.1432 	 99.9980 0.0200 	 198.8560 1.2776 	 394.3680 2.8237 	 372.9760 3.1105 
9 	 97.0480 0.8881 	 97.4560 1.1367 	 99.9700 0.0823 	 199.6040 0.6470 	 388.3760 3.1087 	 342.9440 2.5600 
10 	 98.0080 0.7989 	 95.8000 1.0006 	 100.0000 0.0000 	 197.4760 1.3618 	 385.0360 1.7274 	 358.0360 2.5578 
11 	 95.9720 1.0150 	 94.0040 0.8688 	 99.9060 0.1740 	 198.5880 1.1972 	 382.1400 2.3996 	 331.6840 2.3005 
12 	 98.9340 0.9467 	 96.0740 1.1560 	 99.9980 0.0200 	 199.8440 0.4400 	 392.4640 2.7990 	 361.3680 2.8010 
13 	 98.2360 1.1022 	 96.9400 1.0267 	 100.0000 0.0000 	 199.8920 0.3634 	 394.2240 2.9241 	 356.1360 2.4163 
14 	 89.1300 0.8482 	 96.6800 1.2050 	 99.3660 0.5086 	 195.5160 1.2742 	 368.1160 2.2146 	 319.9000 2.0588 
15 	 96.5600 1.0951 	 95.6920 1.1276 	 99.9280 0.2080 	 199.1760 0.9811 	 386.6600 2.2872 	 345.3080 2.3633 
16 	 99.0800 1.0182 	 97.2220 1.3439 	 100.0000 0.0000 	 199.8080 0.7112 	 387.3920 2.5631 	 355.2320 2.5544 
17 	 98.3900 1.1957 	 96.5560 0.9837 	 99.9980 0.0200 	 199.8400 0.3771 	 393.7000 2.8160 	 362.9040 2.4838 
18 	 98.0840 1.0430 	 97.9560 1.1528 	 99.9860 0.0586 	 199.9080 0.5112 	 388.7440 2.4441 	 353.7760 2.4002 
19 	 95.2300 1.1694 	 96.3120 1.1457 	 99.8420 0.2931 	 199.2920 0.8487 	 382.4440 2.9476 	 342.5880 2.6487 
20 	 98.0580 1.0415 	 95.9100 0.9022 	 99.9860 0.0586 	 198.6440 1.2337 	 385.2520 2.0114 	 352.3200 2.5533 
21 	 95.7780 1.0487 	 97.9840 0.9797 	 99.9640 0.1078 	 197.9360 1.3427 	 387.2360 1.8693 	 377.7800 3.2052 
22 	 98.6160 1.1416 	 94.8020 0.9767 	 100.0000 0.0000 	 198.4960 1.2803 	 376.4520 2.4172 	 331.9400 2.5838 
23 	 89.3000 0.8108 	 98.3240 0.9673 	 99.7700 0.3689 	 197.0480 1.1827 	 381.0920 2.0569 	 354.0880 2.3133 
24 	 94.5400 1.1489 	 96.6120 1.2200 	 99.7880 0.3201 	 198.4840 1.3018 	 391.6600 3.5937 	 351.9640 2.6927 
25 	 97.5780 1.2114 	 94.6780 0.9867 	 99.9860 0.0711 	 197.5480 1.5124 	 384.3440 2.9738 	 328.1680 2.8694 
26 	 98.5040 1.2816 	 98.7280 1.1422 	 100.0000 0.0000 	 199.8920 0.4507 	 393.7400 2.4673 	 379.5200 3.4362 
27 	 98.6140 1.1649 	 98.3800 1.0834 	 99.9980 0.0200 	 199.8640 0.4263 	 396.0600 2.5396 	 374.5720 3.1951 
28 	 88.3140 0.9040 	 90.4580 0.8299 	 99.0440 0.6718 	 196.1680 2.1122 	 346.9560 2.0718 	 283.0520 2.1721 
29 	 97.3220 1.1342 	 97.8180 1.2502 	 99.9940 0.0445 	 199.4080 0.9740 	 389.0320 2.4613 	 354.6480 2.5310 
30 	 90.6420 0.8749 	 95.1640 0.9955 	 99.3680 0.4660 	 198.5760 1.3470 	 365.2520 2.6555 	 307.8240 2.5024 
31 	 98.0660 0.7197 	 97.8200 1.0608 	 99.9980 0.0200 	 199.4760 0.8617 	 394.1640 1.9356 	 381.7080 3.6682 
32 	 96.2840 1.0159 	 97.4360 1.2609 	 99.9200 0.2010 	 199.5560 0.8217 	 391.3320 2.6221 	 358.2320 2.2842 
33 	 97.5640 1.1913 	 95.5180 1.3227 	 99.9940 0.0343 	 199.3360 1.0939 	 389.9640 3.7012 	 350.1360 2.9641 
34 	 97.2080 1.3894 	 97.6120 1.3495 	 99.9920 0.0394 	 199.7760 0.6052 	 393.5760 3.3441 	 365.2880 2.8702 
35 	 97.5600 1.3733 	 93.6480 1.2074 	 99.9840 0.0929 	 199.3800 1.2969 	 385.7640 2.9630 	 340.3720 2.5787 
36 	 90.3240 0.8912 	 88.1740 0.8049 	 99.8540 0.2143 	 193.3680 1.1543 	 373.9680 2.0346 	 335.2520 2.3487 
37 	 96.0140 1.1036 	 97.4680 1.1649 	 99.9580 0.1372 	 198.4000 1.3175 	 389.4480 1.8517 	 363.6000 2.2405 
38 	 98.2560 1.0799 	 92.8120 0.8301 	 99.9880 0.0556 	 198.9240 1.1366 	 385.7200 2.8339 	 336.0760 2.4065 
39 	 97.9260 1.2183 	 97.2540 0.8807 	 99.9960 0.0281 	 199.7440 0.6084 	 388.4560 3.3534 	 351.5000 2.9659 
40 	 97.8960 1.1308 	 98.1540 0.8345 	 100.0000 0.0000 	 199.7920 0.6083 	 394.2520 2.4266 	 379.5960 3.0735 
41 	 98.2240 1.2277 	 97.0580 0.9195 	 99.9960 0.0281 	 199.7040 0.6372 	 392.2440 3.3500 	 362.8440 3.1537 
42 	 90.5980 0.9400 	 97.4500 1.1446 	 99.7360 0.3007 	 199.4880 0.8201 	 384.0520 3.1366 	 337.9360 2.6114 
43 	 96.3060 1.2069 	 97.9840 1.0898 	 99.9460 0.1445 	 199.1520 1.1058 	 391.6760 2.1033 	 372.1520 2.6225 
44 	 97.8920 1.0423 	 97.8000 1.0238 	 99.9940 0.0343 	 199.8520 0.3535 	 387.6600 2.0923 	 362.6800 2.5932 
45 	 97.8400 1.1578 	 97.4820 1.0476 	 100.0000 0.0000 	 199.3280 0.9976 	 392.1560 2.3177 	 372.4000 3.0611 
