Task 	 PA 	 PA_NV 	 PA_SL 	 HetOTL 	 HetOTL_SL 	 OTLHS 
1 	 77.5500 2.1256 	 77.6700 2.1334 	 91.5180 1.6436 	 155.4520 4.4906 	 258.7440 5.0279 	 259.2040 5.0742 
2 	 71.7940 2.2286 	 73.0640 1.8131 	 85.3360 1.9682 	 146.2680 3.2397 	 248.5960 4.6884 	 249.0240 4.6942 
3 	 74.1480 2.0813 	 76.8260 1.9601 	 88.8980 1.7701 	 153.9640 3.8686 	 246.3680 4.6417 	 247.0160 4.7494 
4 	 77.4300 1.9763 	 79.4080 1.8111 	 91.4240 1.6586 	 158.1680 3.5447 	 264.2400 4.6195 	 264.7760 4.4574 
5 	 73.2900 2.1878 	 76.9880 1.8306 	 88.1060 1.7508 	 153.3040 3.6296 	 256.8800 4.6093 	 257.2520 4.8016 
6 	 73.6280 1.8986 	 72.9240 1.7400 	 88.0640 1.6290 	 147.0640 3.1692 	 240.4600 4.1125 	 241.1760 3.9113 
7 	 73.0780 2.2187 	 80.6120 1.7516 	 89.1820 2.0627 	 158.9160 3.7927 	 287.0080 4.3102 	 287.0520 4.1970 
8 	 74.8720 1.7564 	 79.7280 1.7495 	 90.6440 1.5605 	 157.4240 3.7074 	 278.7480 4.5531 	 278.8800 4.4875 
9 	 74.2000 2.2331 	 76.1220 1.9307 	 89.0460 1.6923 	 152.8800 3.8836 	 253.0720 4.7543 	 253.7680 4.6192 
10 	 76.8200 2.1085 	 77.0300 1.8338 	 90.9460 1.6391 	 155.8120 3.7197 	 260.3400 4.3683 	 260.7080 4.3521 
11 	 73.9220 2.1859 	 74.2460 1.6312 	 88.1900 1.7409 	 149.1920 3.8265 	 246.7200 4.9824 	 246.9960 4.9806 
12 	 77.1680 2.0354 	 78.5060 1.9454 	 91.7100 1.5933 	 155.8720 4.1417 	 261.5040 4.7312 	 262.1680 4.8326 
13 	 75.1920 1.8937 	 79.3540 1.7940 	 90.0840 1.9144 	 157.0240 3.7538 	 264.1040 4.6854 	 264.3520 4.5084 
14 	 71.7820 2.1861 	 74.5420 2.0196 	 85.6140 1.8127 	 150.5600 3.7420 	 251.3760 4.9942 	 251.7320 5.2129 
15 	 73.8860 2.3584 	 75.2280 2.0275 	 88.7440 1.8127 	 152.0000 3.9565 	 254.2240 4.6038 	 254.5600 4.6696 
16 	 76.6140 2.2335 	 80.6400 1.9322 	 91.1980 1.7360 	 158.7240 3.9474 	 268.1160 4.7866 	 268.3480 4.7067 
17 	 75.0360 2.1935 	 76.6020 2.0342 	 90.1300 1.6888 	 155.4480 3.7466 	 268.3800 4.6822 	 268.5240 4.6176 
18 	 74.5020 2.0780 	 75.8880 1.7806 	 89.4340 1.8026 	 154.0000 3.6364 	 255.9720 4.2921 	 256.2680 4.3803 
19 	 73.0600 2.1283 	 74.5940 1.8516 	 87.6780 1.7070 	 149.9400 3.7602 	 239.6960 4.5302 	 240.6600 4.6193 
20 	 75.1120 2.2671 	 77.2900 1.9017 	 89.7060 1.7423 	 154.4120 3.9706 	 259.6680 4.6223 	 260.1920 4.3893 
21 	 73.7100 1.8187 	 80.9540 1.5977 	 88.4620 1.4800 	 159.4920 3.6417 	 287.1360 5.0208 	 287.1280 4.9637 
22 	 75.6220 2.1013 	 75.2520 1.7808 	 90.1080 1.5999 	 149.5640 3.8848 	 233.1080 4.7126 	 234.3280 4.7374 
23 	 71.6160 2.0618 	 77.7560 1.7036 	 85.5120 1.6266 	 153.4040 3.7646 	 277.9360 4.5200 	 277.7240 4.4639 
24 	 72.9880 2.3713 	 75.3360 1.7809 	 87.2940 1.7309 	 150.8680 3.6422 	 249.8720 4.8345 	 250.0480 4.8630 
25 	 74.8440 1.9241 	 75.4780 1.8865 	 89.3040 1.5897 	 149.8160 3.7127 	 243.1120 5.0509 	 243.8640 4.9987 
26 	 75.1740 2.2134 	 80.4040 1.7380 	 90.6200 1.6403 	 160.1960 3.6031 	 285.2720 3.7727 	 285.2160 3.7691 
27 	 76.1420 2.0942 	 81.0080 1.4653 	 91.0500 1.5032 	 160.9720 3.1788 	 274.8840 4.2698 	 275.1680 4.3050 
28 	 72.1440 2.1233 	 66.1100 1.9826 	 85.4660 1.8149 	 135.8400 4.2072 	 212.1160 5.8449 	 212.8960 5.7484 
29 	 73.9840 2.3391 	 77.5500 1.8096 	 90.2940 1.8919 	 155.8480 3.6305 	 262.3920 5.3867 	 262.6080 5.4197 
30 	 72.4000 2.0265 	 72.3920 1.7272 	 86.3140 1.5996 	 146.6120 3.5484 	 236.1800 5.2405 	 236.7920 5.6882 
31 	 77.2160 1.9041 	 80.9360 1.8001 	 91.6020 1.5651 	 159.6240 3.4568 	 284.1680 4.8122 	 284.1440 4.7803 
32 	 73.7180 2.4218 	 77.2400 1.9240 	 88.4760 1.9560 	 153.8560 3.6681 	 258.2520 4.8069 	 258.3360 4.8595 
33 	 75.3480 2.2141 	 75.8340 2.0287 	 90.0360 1.7423 	 153.4560 3.8596 	 253.7240 5.1432 	 254.2320 5.2438 
34 	 74.1580 2.1449 	 78.0120 1.8789 	 89.0500 1.8756 	 156.4440 3.6937 	 271.8760 5.0111 	 272.4800 5.0526 
35 	 74.6540 2.3939 	 71.4180 1.9330 	 89.5700 1.8463 	 145.3640 3.9875 	 228.2200 5.0239 	 228.7040 5.4128 
36 	 72.4780 2.1505 	 72.9880 1.7895 	 86.7840 1.7458 	 148.9400 3.6662 	 271.0800 4.3364 	 271.1480 4.3956 
37 	 73.7220 2.2547 	 76.2000 2.0615 	 88.7220 1.7160 	 154.2680 3.5327 	 259.7360 4.8762 	 260.1160 4.7364 
38 	 75.2000 2.2743 	 72.9620 1.8973 	 89.9720 1.5583 	 147.4680 4.3156 	 240.5040 4.7443 	 240.9880 4.9422 
39 	 74.6460 2.0658 	 76.8980 1.7804 	 89.3340 1.6990 	 154.1080 3.4568 	 259.7600 4.4647 	 260.0040 4.4678 
40 	 74.1320 2.2628 	 83.7000 1.4235 	 89.9020 1.5900 	 163.3240 3.2939 	 295.0040 4.7337 	 294.6160 4.6305 
41 	 75.2700 2.0865 	 78.5300 1.7159 	 90.0480 1.6704 	 154.5720 3.6728 	 261.2640 4.2677 	 261.7320 4.1701 
42 	 72.1360 2.0336 	 76.3040 1.6197 	 85.8240 1.6736 	 152.1600 3.3572 	 262.4760 4.2639 	 262.8800 4.5632 
43 	 73.3040 2.2326 	 79.0580 1.7708 	 88.6740 1.6420 	 156.3000 3.6904 	 278.4640 4.3754 	 278.7080 4.3780 
44 	 75.0060 2.1834 	 77.9420 1.6089 	 89.9760 1.7828 	 155.1320 3.5971 	 268.1400 5.2083 	 268.5640 5.3082 
45 	 74.9020 2.2156 	 78.2360 1.6912 	 90.1960 1.7020 	 156.9400 3.6706 	 272.9280 4.9622 	 272.7760 5.1746 
