Task 	 PA 	 PA_NV 	 PA_SL 	 HetOTL 	 HetOTL_SL 	 OTLHS 
1 	 0.0044 0.0006 	 0.0112 0.0014 	 0.0086 0.0012 	 0.0137 0.0012 	 0.0284 0.0030 	 0.0286 0.0033 
2 	 0.0043 0.0008 	 0.0110 0.0016 	 0.0085 0.0013 	 0.0137 0.0019 	 0.0285 0.0036 	 0.0286 0.0038 
3 	 0.0042 0.0006 	 0.0109 0.0013 	 0.0084 0.0010 	 0.0137 0.0018 	 0.0275 0.0032 	 0.0274 0.0034 
4 	 0.0043 0.0005 	 0.0111 0.0013 	 0.0085 0.0010 	 0.0139 0.0017 	 0.0287 0.0030 	 0.0283 0.0027 
5 	 0.0041 0.0004 	 0.0108 0.0010 	 0.0084 0.0008 	 0.0135 0.0014 	 0.0275 0.0024 	 0.0275 0.0023 
6 	 0.0043 0.0008 	 0.0113 0.0018 	 0.0087 0.0014 	 0.0139 0.0021 	 0.0284 0.0037 	 0.0284 0.0042 
7 	 0.0041 0.0004 	 0.0110 0.0009 	 0.0090 0.0008 	 0.0136 0.0008 	 0.0296 0.0026 	 0.0292 0.0014 
8 	 0.0043 0.0005 	 0.0111 0.0013 	 0.0088 0.0010 	 0.0138 0.0011 	 0.0296 0.0024 	 0.0293 0.0021 
9 	 0.0043 0.0005 	 0.0112 0.0013 	 0.0086 0.0011 	 0.0140 0.0018 	 0.0290 0.0036 	 0.0287 0.0032 
10 	 0.0044 0.0005 	 0.0110 0.0013 	 0.0086 0.0010 	 0.0139 0.0017 	 0.0288 0.0029 	 0.0288 0.0038 
11 	 0.0043 0.0007 	 0.0110 0.0015 	 0.0086 0.0013 	 0.0136 0.0019 	 0.0280 0.0034 	 0.0279 0.0038 
12 	 0.0044 0.0008 	 0.0112 0.0017 	 0.0088 0.0014 	 0.0139 0.0021 	 0.0285 0.0040 	 0.0282 0.0039 
13 	 0.0043 0.0006 	 0.0110 0.0012 	 0.0089 0.0013 	 0.0139 0.0019 	 0.0285 0.0035 	 0.0287 0.0040 
14 	 0.0042 0.0005 	 0.0107 0.0012 	 0.0084 0.0010 	 0.0133 0.0011 	 0.0274 0.0026 	 0.0272 0.0024 
15 	 0.0042 0.0004 	 0.0108 0.0009 	 0.0084 0.0008 	 0.0137 0.0017 	 0.0278 0.0024 	 0.0277 0.0029 
16 	 0.0044 0.0007 	 0.0113 0.0017 	 0.0087 0.0013 	 0.0139 0.0019 	 0.0290 0.0046 	 0.0285 0.0038 
17 	 0.0041 0.0003 	 0.0106 0.0007 	 0.0087 0.0006 	 0.0134 0.0010 	 0.0277 0.0025 	 0.0274 0.0018 
18 	 0.0043 0.0007 	 0.0111 0.0018 	 0.0089 0.0014 	 0.0137 0.0019 	 0.0282 0.0040 	 0.0279 0.0035 
19 	 0.0042 0.0005 	 0.0109 0.0011 	 0.0085 0.0009 	 0.0136 0.0014 	 0.0272 0.0028 	 0.0273 0.0034 
20 	 0.0042 0.0005 	 0.0109 0.0010 	 0.0086 0.0010 	 0.0137 0.0014 	 0.0285 0.0028 	 0.0284 0.0029 
21 	 0.0041 0.0004 	 0.0109 0.0009 	 0.0089 0.0007 	 0.0136 0.0009 	 0.0285 0.0019 	 0.0282 0.0019 
22 	 0.0043 0.0006 	 0.0110 0.0012 	 0.0086 0.0011 	 0.0136 0.0016 	 0.0271 0.0028 	 0.0272 0.0034 
23 	 0.0042 0.0005 	 0.0110 0.0014 	 0.0091 0.0011 	 0.0136 0.0014 	 0.0291 0.0032 	 0.0290 0.0029 
24 	 0.0042 0.0005 	 0.0109 0.0011 	 0.0087 0.0010 	 0.0136 0.0015 	 0.0277 0.0028 	 0.0276 0.0027 
25 	 0.0044 0.0008 	 0.0112 0.0019 	 0.0087 0.0014 	 0.0138 0.0021 	 0.0278 0.0045 	 0.0276 0.0040 
26 	 0.0044 0.0009 	 0.0115 0.0020 	 0.0095 0.0017 	 0.0143 0.0025 	 0.0304 0.0049 	 0.0301 0.0048 
27 	 0.0045 0.0008 	 0.0116 0.0021 	 0.0093 0.0018 	 0.0143 0.0024 	 0.0298 0.0046 	 0.0303 0.0070 
28 	 0.0042 0.0005 	 0.0106 0.0013 	 0.0083 0.0010 	 0.0131 0.0015 	 0.0260 0.0031 	 0.0260 0.0029 
29 	 0.0042 0.0006 	 0.0109 0.0014 	 0.0087 0.0014 	 0.0137 0.0018 	 0.0284 0.0037 	 0.0280 0.0033 
30 	 0.0042 0.0004 	 0.0109 0.0011 	 0.0083 0.0007 	 0.0135 0.0011 	 0.0276 0.0015 	 0.0276 0.0016 
31 	 0.0044 0.0007 	 0.0113 0.0015 	 0.0092 0.0015 	 0.0143 0.0022 	 0.0300 0.0037 	 0.0300 0.0041 
32 	 0.0042 0.0006 	 0.0109 0.0014 	 0.0087 0.0012 	 0.0137 0.0019 	 0.0278 0.0037 	 0.0278 0.0036 
33 	 0.0044 0.0007 	 0.0110 0.0018 	 0.0089 0.0015 	 0.0137 0.0020 	 0.0280 0.0042 	 0.0278 0.0040 
34 	 0.0042 0.0005 	 0.0108 0.0013 	 0.0088 0.0011 	 0.0135 0.0013 	 0.0283 0.0031 	 0.0283 0.0034 
35 	 0.0042 0.0007 	 0.0108 0.0016 	 0.0087 0.0013 	 0.0135 0.0020 	 0.0267 0.0039 	 0.0266 0.0039 
36 	 0.0042 0.0006 	 0.0107 0.0013 	 0.0090 0.0011 	 0.0135 0.0016 	 0.0286 0.0029 	 0.0283 0.0029 
37 	 0.0041 0.0005 	 0.0107 0.0009 	 0.0086 0.0008 	 0.0133 0.0010 	 0.0274 0.0021 	 0.0272 0.0017 
38 	 0.0043 0.0006 	 0.0109 0.0008 	 0.0086 0.0008 	 0.0135 0.0011 	 0.0278 0.0017 	 0.0280 0.0027 
39 	 0.0042 0.0004 	 0.0107 0.0007 	 0.0086 0.0006 	 0.0133 0.0008 	 0.0274 0.0012 	 0.0274 0.0017 
40 	 0.0042 0.0005 	 0.0111 0.0010 	 0.0091 0.0010 	 0.0138 0.0014 	 0.0290 0.0029 	 0.0288 0.0029 
41 	 0.0043 0.0005 	 0.0112 0.0011 	 0.0091 0.0012 	 0.0140 0.0016 	 0.0293 0.0031 	 0.0291 0.0028 
42 	 0.0043 0.0008 	 0.0111 0.0017 	 0.0090 0.0016 	 0.0138 0.0021 	 0.0288 0.0044 	 0.0286 0.0042 
43 	 0.0041 0.0004 	 0.0111 0.0015 	 0.0089 0.0009 	 0.0137 0.0014 	 0.0292 0.0034 	 0.0293 0.0050 
44 	 0.0042 0.0005 	 0.0110 0.0014 	 0.0089 0.0010 	 0.0138 0.0016 	 0.0285 0.0033 	 0.0282 0.0029 
45 	 0.0042 0.0004 	 0.0108 0.0007 	 0.0088 0.0008 	 0.0135 0.0009 	 0.0286 0.0018 	 0.0285 0.0017 
