Task 	 PA 	 PA_NV 	 PA_SL 	 HetOTL 	 HetOTL_SL 	 OTLHS 
1 	 49.9040 2.1937 	 43.2000 1.8852 	 49.5820 2.1937 	 44.6720 2.0684 	 38.1620 1.5655 	 38.2440 1.6376 
2 	 45.4840 1.9679 	 35.9220 1.5271 	 43.7820 1.9482 	 36.4140 1.7689 	 30.3240 1.5257 	 30.5160 1.5894 
3 	 49.7500 2.1655 	 39.5200 2.0763 	 48.4700 2.1823 	 41.3260 1.9663 	 35.0580 1.7106 	 35.2740 1.6728 
4 	 50.0740 2.0030 	 44.9860 1.9391 	 49.8320 2.0338 	 46.0000 1.9459 	 39.4360 1.7582 	 39.5980 1.7708 
5 	 48.6180 2.0857 	 41.0020 1.7971 	 47.2300 1.9950 	 41.3720 1.7599 	 35.5240 1.8186 	 35.6340 1.8328 
6 	 48.3320 2.1571 	 36.1880 1.6843 	 46.9420 2.2075 	 37.3800 1.6044 	 30.0220 1.5340 	 30.2080 1.5567 
7 	 49.6920 2.2424 	 44.8680 1.9184 	 48.6660 2.3298 	 45.1880 1.8566 	 40.8460 1.8864 	 40.9400 1.8932 
8 	 49.9040 2.0423 	 43.4200 1.7369 	 49.4780 2.0593 	 45.0400 1.8963 	 38.1620 1.7695 	 38.3560 1.7513 
9 	 49.4780 1.9453 	 38.8480 1.6688 	 48.1820 1.8854 	 40.5600 1.7382 	 33.2760 1.4724 	 33.5020 1.5304 
10 	 50.2320 2.2196 	 42.2280 1.8729 	 49.8260 2.1669 	 43.7320 2.0670 	 38.4120 1.6394 	 38.5140 1.6121 
11 	 48.3000 2.3004 	 36.8280 1.4796 	 46.7720 2.3579 	 37.6300 1.8539 	 30.4300 1.5046 	 30.5780 1.4907 
12 	 50.1080 2.1275 	 42.0620 1.9837 	 49.8920 2.1174 	 43.3880 2.1829 	 35.9860 1.3497 	 36.1540 1.3354 
13 	 49.3980 2.1749 	 40.9220 1.6658 	 48.2240 2.1743 	 41.7340 1.8880 	 34.9880 1.3759 	 35.1680 1.3668 
14 	 46.2300 1.9032 	 36.9960 1.6285 	 44.7100 1.7740 	 37.4240 1.7660 	 30.5760 1.7650 	 30.7780 1.7954 
15 	 49.8180 2.4725 	 37.3940 1.5895 	 48.5260 2.3399 	 38.7560 1.8444 	 31.1920 1.5413 	 31.3860 1.5648 
16 	 49.9400 2.5433 	 44.6580 2.1056 	 49.6040 2.4787 	 45.4820 2.1479 	 39.0380 1.5300 	 39.2500 1.4914 
17 	 49.7360 2.1361 	 39.8980 1.8163 	 48.7120 2.0770 	 41.3300 1.8404 	 35.2600 1.6601 	 35.4840 1.8015 
18 	 49.2820 2.4156 	 38.0920 1.6006 	 48.0480 2.3450 	 39.6320 1.8505 	 33.0860 1.5720 	 33.2320 1.5631 
19 	 48.3340 1.9107 	 36.8540 1.7108 	 46.6820 1.9476 	 38.1520 1.6236 	 30.3620 1.4933 	 30.5440 1.5761 
20 	 49.5620 2.1081 	 40.4540 1.8405 	 48.4960 1.9952 	 41.6300 1.9272 	 35.5440 1.7144 	 35.6360 1.7019 
21 	 49.0280 2.0394 	 42.7400 1.7894 	 47.5820 2.0515 	 43.7940 2.0458 	 38.9820 1.6892 	 39.0380 1.6749 
22 	 49.5420 2.1769 	 35.5000 1.6087 	 48.3440 2.1403 	 36.5080 1.6569 	 29.4500 1.3843 	 29.7300 1.4648 
23 	 45.3820 2.0738 	 38.8780 1.9388 	 43.9300 2.0244 	 39.0160 1.8219 	 34.5500 1.7968 	 34.6760 1.8720 
24 	 48.0100 2.0629 	 34.8680 1.7142 	 46.5080 2.0645 	 36.0920 1.7288 	 29.2520 1.4958 	 29.2860 1.5597 
25 	 49.1360 1.8867 	 36.1580 1.5288 	 47.5620 1.9902 	 37.0380 1.5814 	 29.5240 1.3193 	 29.6680 1.3043 
26 	 49.7940 2.1353 	 41.7480 1.9400 	 49.0060 2.2145 	 43.3080 1.9176 	 37.5680 1.7578 	 37.7580 1.8160 
27 	 50.2740 1.9935 	 40.9680 1.7386 	 49.5920 1.9941 	 42.8080 1.9320 	 36.4840 1.8678 	 36.6800 1.9259 
28 	 44.8000 1.9555 	 27.5780 1.5069 	 43.3520 1.8547 	 28.7060 1.4723 	 21.7340 1.0167 	 21.8980 1.0232 
29 	 50.0620 2.3910 	 40.5840 1.6829 	 49.4600 2.3876 	 42.5520 2.0926 	 36.0140 1.5950 	 36.1500 1.6306 
30 	 46.0580 1.7648 	 33.4040 1.6682 	 44.3900 1.8432 	 33.9880 1.8124 	 26.8240 1.3649 	 26.9880 1.4430 
31 	 49.9100 2.2857 	 46.3820 2.0253 	 49.7540 2.2778 	 47.5760 2.0982 	 41.5440 1.6887 	 41.6840 1.6976 
32 	 49.0240 2.3603 	 39.9240 1.8186 	 47.7440 2.3008 	 41.0700 1.9832 	 33.4980 1.7386 	 33.6480 1.7650 
33 	 50.0580 2.0399 	 39.4800 1.6875 	 49.0400 2.0327 	 40.7120 1.7222 	 34.2480 1.7021 	 34.4180 1.7184 
34 	 49.7040 2.2601 	 41.9160 1.8189 	 48.5600 2.1619 	 43.2960 2.0304 	 37.2780 1.7992 	 37.4240 1.8094 
35 	 49.1260 2.2941 	 34.6580 1.6407 	 47.6740 2.2670 	 35.1680 1.6145 	 28.5780 1.4442 	 28.8160 1.4550 
36 	 46.6820 2.0221 	 36.9040 1.6299 	 45.0920 1.9869 	 38.1680 1.7349 	 33.4680 1.4576 	 33.6420 1.5040 
37 	 49.4580 2.0357 	 39.7000 1.7123 	 48.1840 2.0384 	 41.7720 1.7657 	 34.7600 1.5356 	 34.8680 1.5746 
38 	 49.9680 2.4669 	 35.1320 1.4741 	 48.7780 2.4420 	 36.3340 1.6414 	 29.5320 1.6392 	 29.6580 1.6429 
39 	 49.5500 2.0196 	 39.9580 1.6763 	 48.1000 2.0270 	 41.4960 1.6067 	 35.1480 1.4023 	 35.3300 1.3913 
40 	 50.1000 2.3621 	 47.9260 1.9392 	 49.3520 2.3855 	 48.0220 2.0624 	 43.1280 1.7439 	 43.3280 1.8119 
41 	 49.8560 2.0442 	 39.5600 1.7389 	 48.6460 2.0364 	 41.0280 1.7188 	 33.4080 1.6755 	 33.5660 1.6868 
42 	 45.7260 1.6332 	 36.8940 1.6403 	 44.2560 1.5950 	 38.2020 1.5826 	 32.1160 1.5820 	 32.3080 1.5532 
43 	 48.9900 2.2201 	 40.6700 2.0315 	 47.6200 2.1577 	 41.8900 1.9339 	 35.5260 1.6528 	 35.7100 1.7858 
44 	 49.6200 2.1797 	 39.5360 1.7677 	 48.3760 2.1264 	 40.7480 1.9411 	 33.4780 1.5766 	 33.6740 1.5898 
45 	 49.8720 2.0498 	 40.5880 1.9951 	 48.8240 2.0927 	 42.2900 2.0278 	 36.1660 1.7725 	 36.3120 1.7429 
