Task 	 PA 	 PA_NV 	 PA_SL 	 HetOTL 	 HetOTL_SL 	 OTLHS 
1 	 0.0058 0.0014 	 0.0147 0.0033 	 0.0103 0.0024 	 0.0185 0.0042 	 0.0376 0.0079 	 0.0369 0.0076 
2 	 0.0055 0.0013 	 0.0151 0.0034 	 0.0102 0.0023 	 0.0184 0.0041 	 0.0374 0.0074 	 0.0367 0.0073 
3 	 0.0057 0.0014 	 0.0150 0.0034 	 0.0102 0.0023 	 0.0185 0.0040 	 0.0374 0.0079 	 0.0373 0.0080 
4 	 0.0057 0.0013 	 0.0148 0.0031 	 0.0103 0.0024 	 0.0192 0.0041 	 0.0379 0.0074 	 0.0385 0.0079 
5 	 0.0052 0.0013 	 0.0144 0.0029 	 0.0098 0.0023 	 0.0173 0.0035 	 0.0360 0.0071 	 0.0355 0.0068 
6 	 0.0052 0.0012 	 0.0144 0.0031 	 0.0096 0.0022 	 0.0173 0.0036 	 0.0354 0.0070 	 0.0353 0.0071 
7 	 0.0058 0.0014 	 0.0163 0.0036 	 0.0114 0.0026 	 0.0193 0.0042 	 0.0412 0.0083 	 0.0408 0.0082 
8 	 0.0058 0.0014 	 0.0158 0.0034 	 0.0110 0.0026 	 0.0190 0.0041 	 0.0407 0.0080 	 0.0394 0.0078 
9 	 0.0060 0.0014 	 0.0166 0.0036 	 0.0109 0.0024 	 0.0201 0.0043 	 0.0408 0.0085 	 0.0407 0.0080 
10 	 0.0055 0.0012 	 0.0144 0.0032 	 0.0099 0.0022 	 0.0180 0.0037 	 0.0366 0.0071 	 0.0365 0.0072 
11 	 0.0062 0.0014 	 0.0172 0.0035 	 0.0112 0.0024 	 0.0207 0.0042 	 0.0423 0.0078 	 0.0419 0.0078 
12 	 0.0070 0.0012 	 0.0183 0.0032 	 0.0126 0.0023 	 0.0232 0.0035 	 0.0476 0.0068 	 0.0466 0.0073 
13 	 0.0071 0.0009 	 0.0195 0.0021 	 0.0131 0.0015 	 0.0237 0.0028 	 0.0486 0.0046 	 0.0481 0.0053 
14 	 0.0060 0.0013 	 0.0171 0.0035 	 0.0113 0.0024 	 0.0208 0.0043 	 0.0431 0.0075 	 0.0422 0.0081 
15 	 0.0067 0.0012 	 0.0182 0.0033 	 0.0121 0.0022 	 0.0221 0.0041 	 0.0448 0.0076 	 0.0448 0.0073 
16 	 0.0068 0.0013 	 0.0186 0.0030 	 0.0123 0.0023 	 0.0226 0.0042 	 0.0476 0.0068 	 0.0459 0.0075 
17 	 0.0061 0.0014 	 0.0168 0.0036 	 0.0116 0.0026 	 0.0211 0.0044 	 0.0432 0.0082 	 0.0429 0.0083 
18 	 0.0063 0.0013 	 0.0178 0.0033 	 0.0119 0.0023 	 0.0223 0.0037 	 0.0450 0.0070 	 0.0444 0.0073 
19 	 0.0061 0.0014 	 0.0171 0.0036 	 0.0113 0.0025 	 0.0210 0.0043 	 0.0421 0.0083 	 0.0423 0.0080 
20 	 0.0066 0.0013 	 0.0179 0.0032 	 0.0122 0.0023 	 0.0222 0.0041 	 0.0448 0.0076 	 0.0449 0.0074 
21 	 0.0064 0.0013 	 0.0175 0.0036 	 0.0124 0.0025 	 0.0219 0.0042 	 0.0451 0.0086 	 0.0461 0.0082 
22 	 0.0063 0.0013 	 0.0177 0.0034 	 0.0116 0.0023 	 0.0217 0.0042 	 0.0432 0.0075 	 0.0433 0.0073 
23 	 0.0059 0.0013 	 0.0173 0.0035 	 0.0119 0.0025 	 0.0211 0.0043 	 0.0447 0.0079 	 0.0438 0.0087 
24 	 0.0063 0.0013 	 0.0177 0.0034 	 0.0119 0.0023 	 0.0215 0.0042 	 0.0434 0.0077 	 0.0435 0.0078 
25 	 0.0059 0.0013 	 0.0169 0.0036 	 0.0110 0.0024 	 0.0205 0.0045 	 0.0410 0.0082 	 0.0413 0.0081 
26 	 0.0068 0.0012 	 0.0183 0.0033 	 0.0132 0.0023 	 0.0225 0.0040 	 0.0467 0.0081 	 0.0472 0.0072 
27 	 0.0065 0.0013 	 0.0179 0.0036 	 0.0122 0.0025 	 0.0222 0.0041 	 0.0452 0.0088 	 0.0451 0.0080 
28 	 0.0057 0.0013 	 0.0167 0.0036 	 0.0107 0.0023 	 0.0196 0.0044 	 0.0398 0.0081 	 0.0393 0.0078 
29 	 0.0063 0.0014 	 0.0173 0.0036 	 0.0116 0.0025 	 0.0216 0.0043 	 0.0439 0.0081 	 0.0437 0.0081 
30 	 0.0058 0.0013 	 0.0173 0.0035 	 0.0108 0.0023 	 0.0210 0.0039 	 0.0425 0.0076 	 0.0420 0.0076 
31 	 0.0067 0.0014 	 0.0176 0.0038 	 0.0126 0.0026 	 0.0221 0.0044 	 0.0463 0.0087 	 0.0458 0.0085 
32 	 0.0061 0.0014 	 0.0171 0.0037 	 0.0114 0.0025 	 0.0208 0.0044 	 0.0425 0.0086 	 0.0428 0.0082 
33 	 0.0066 0.0012 	 0.0180 0.0032 	 0.0123 0.0022 	 0.0223 0.0038 	 0.0450 0.0074 	 0.0444 0.0073 
34 	 0.0065 0.0013 	 0.0178 0.0034 	 0.0124 0.0023 	 0.0223 0.0040 	 0.0460 0.0080 	 0.0462 0.0075 
35 	 0.0059 0.0014 	 0.0166 0.0036 	 0.0111 0.0025 	 0.0200 0.0044 	 0.0404 0.0082 	 0.0409 0.0082 
36 	 0.0059 0.0013 	 0.0168 0.0035 	 0.0119 0.0025 	 0.0208 0.0042 	 0.0437 0.0081 	 0.0439 0.0078 
37 	 0.0064 0.0013 	 0.0175 0.0035 	 0.0119 0.0025 	 0.0217 0.0043 	 0.0446 0.0082 	 0.0438 0.0080 
38 	 0.0061 0.0014 	 0.0170 0.0036 	 0.0112 0.0025 	 0.0205 0.0044 	 0.0411 0.0078 	 0.0420 0.0079 
39 	 0.0062 0.0013 	 0.0174 0.0035 	 0.0117 0.0025 	 0.0211 0.0046 	 0.0436 0.0082 	 0.0433 0.0080 
40 	 0.0064 0.0014 	 0.0175 0.0037 	 0.0125 0.0026 	 0.0217 0.0045 	 0.0465 0.0082 	 0.0452 0.0090 
41 	 0.0063 0.0014 	 0.0177 0.0036 	 0.0121 0.0026 	 0.0219 0.0043 	 0.0444 0.0082 	 0.0440 0.0083 
42 	 0.0061 0.0012 	 0.0177 0.0033 	 0.0118 0.0023 	 0.0214 0.0040 	 0.0438 0.0080 	 0.0433 0.0078 
43 	 0.0063 0.0013 	 0.0178 0.0035 	 0.0123 0.0026 	 0.0224 0.0040 	 0.0463 0.0079 	 0.0461 0.0078 
44 	 0.0067 0.0011 	 0.0189 0.0028 	 0.0130 0.0020 	 0.0232 0.0036 	 0.0473 0.0068 	 0.0474 0.0061 
45 	 0.0061 0.0013 	 0.0171 0.0035 	 0.0120 0.0026 	 0.0210 0.0043 	 0.0438 0.0087 	 0.0428 0.0085 
