Task 	 PA 	 PA_NV 	 PA_SL 	 HetOTL 	 HetOTL_SL 	 OTLHS 
1 	 0.0058 0.0014 	 0.0148 0.0032 	 0.0102 0.0024 	 0.0188 0.0041 	 0.0382 0.0079 	 0.0380 0.0078 
2 	 0.0054 0.0013 	 0.0149 0.0035 	 0.0099 0.0024 	 0.0176 0.0041 	 0.0363 0.0077 	 0.0359 0.0077 
3 	 0.0056 0.0014 	 0.0147 0.0031 	 0.0101 0.0025 	 0.0184 0.0039 	 0.0370 0.0073 	 0.0370 0.0075 
4 	 0.0059 0.0014 	 0.0156 0.0035 	 0.0105 0.0025 	 0.0197 0.0043 	 0.0398 0.0081 	 0.0398 0.0078 
5 	 0.0055 0.0013 	 0.0157 0.0033 	 0.0104 0.0024 	 0.0196 0.0043 	 0.0399 0.0076 	 0.0387 0.0076 
6 	 0.0057 0.0013 	 0.0158 0.0035 	 0.0104 0.0024 	 0.0190 0.0039 	 0.0383 0.0078 	 0.0383 0.0076 
7 	 0.0054 0.0013 	 0.0149 0.0032 	 0.0104 0.0024 	 0.0180 0.0038 	 0.0383 0.0076 	 0.0386 0.0079 
8 	 0.0056 0.0013 	 0.0153 0.0033 	 0.0105 0.0024 	 0.0193 0.0043 	 0.0393 0.0081 	 0.0390 0.0075 
9 	 0.0057 0.0013 	 0.0160 0.0035 	 0.0104 0.0025 	 0.0196 0.0044 	 0.0396 0.0080 	 0.0393 0.0081 
10 	 0.0056 0.0014 	 0.0149 0.0033 	 0.0100 0.0024 	 0.0187 0.0041 	 0.0376 0.0070 	 0.0378 0.0076 
11 	 0.0070 0.0007 	 0.0195 0.0018 	 0.0126 0.0012 	 0.0236 0.0024 	 0.0475 0.0042 	 0.0472 0.0044 
12 	 0.0069 0.0014 	 0.0181 0.0032 	 0.0124 0.0023 	 0.0222 0.0043 	 0.0460 0.0077 	 0.0454 0.0079 
13 	 0.0067 0.0012 	 0.0187 0.0028 	 0.0124 0.0022 	 0.0231 0.0035 	 0.0469 0.0066 	 0.0467 0.0067 
14 	 0.0061 0.0013 	 0.0174 0.0034 	 0.0114 0.0023 	 0.0218 0.0037 	 0.0436 0.0074 	 0.0435 0.0075 
15 	 0.0067 0.0012 	 0.0182 0.0031 	 0.0122 0.0020 	 0.0227 0.0034 	 0.0459 0.0065 	 0.0454 0.0069 
16 	 0.0064 0.0014 	 0.0175 0.0035 	 0.0115 0.0025 	 0.0219 0.0045 	 0.0452 0.0084 	 0.0448 0.0079 
17 	 0.0063 0.0014 	 0.0168 0.0037 	 0.0118 0.0026 	 0.0208 0.0045 	 0.0429 0.0087 	 0.0426 0.0086 
18 	 0.0065 0.0013 	 0.0183 0.0030 	 0.0122 0.0022 	 0.0222 0.0039 	 0.0453 0.0067 	 0.0448 0.0076 
19 	 0.0066 0.0012 	 0.0185 0.0030 	 0.0120 0.0021 	 0.0228 0.0034 	 0.0457 0.0061 	 0.0456 0.0065 
20 	 0.0059 0.0014 	 0.0163 0.0037 	 0.0109 0.0026 	 0.0195 0.0043 	 0.0410 0.0085 	 0.0405 0.0086 
21 	 0.0061 0.0014 	 0.0172 0.0037 	 0.0118 0.0027 	 0.0206 0.0045 	 0.0435 0.0089 	 0.0436 0.0089 
22 	 0.0055 0.0014 	 0.0156 0.0037 	 0.0102 0.0025 	 0.0197 0.0045 	 0.0396 0.0083 	 0.0391 0.0084 
23 	 0.0060 0.0013 	 0.0172 0.0037 	 0.0120 0.0027 	 0.0210 0.0043 	 0.0442 0.0087 	 0.0446 0.0084 
24 	 0.0060 0.0014 	 0.0170 0.0036 	 0.0114 0.0026 	 0.0205 0.0044 	 0.0418 0.0086 	 0.0416 0.0082 
25 	 0.0062 0.0013 	 0.0177 0.0034 	 0.0112 0.0023 	 0.0214 0.0042 	 0.0434 0.0076 	 0.0424 0.0077 
26 	 0.0063 0.0014 	 0.0174 0.0036 	 0.0122 0.0026 	 0.0209 0.0046 	 0.0445 0.0083 	 0.0436 0.0085 
27 	 0.0063 0.0014 	 0.0175 0.0036 	 0.0119 0.0025 	 0.0218 0.0045 	 0.0448 0.0085 	 0.0446 0.0084 
28 	 0.0060 0.0012 	 0.0173 0.0034 	 0.0111 0.0021 	 0.0212 0.0038 	 0.0418 0.0072 	 0.0418 0.0071 
29 	 0.0063 0.0014 	 0.0172 0.0036 	 0.0116 0.0025 	 0.0218 0.0042 	 0.0439 0.0084 	 0.0438 0.0082 
30 	 0.0055 0.0013 	 0.0163 0.0037 	 0.0101 0.0024 	 0.0190 0.0043 	 0.0390 0.0085 	 0.0383 0.0082 
31 	 0.0065 0.0014 	 0.0173 0.0038 	 0.0121 0.0027 	 0.0216 0.0045 	 0.0449 0.0089 	 0.0449 0.0086 
32 	 0.0061 0.0014 	 0.0171 0.0036 	 0.0112 0.0025 	 0.0209 0.0044 	 0.0433 0.0080 	 0.0429 0.0077 
33 	 0.0062 0.0014 	 0.0170 0.0036 	 0.0114 0.0025 	 0.0215 0.0042 	 0.0431 0.0083 	 0.0429 0.0084 
34 	 0.0063 0.0014 	 0.0175 0.0035 	 0.0118 0.0026 	 0.0221 0.0040 	 0.0453 0.0081 	 0.0449 0.0078 
35 	 0.0058 0.0014 	 0.0165 0.0037 	 0.0109 0.0025 	 0.0204 0.0043 	 0.0412 0.0079 	 0.0410 0.0080 
36 	 0.0064 0.0012 	 0.0179 0.0032 	 0.0124 0.0022 	 0.0218 0.0038 	 0.0455 0.0075 	 0.0448 0.0075 
37 	 0.0062 0.0015 	 0.0172 0.0035 	 0.0115 0.0026 	 0.0213 0.0044 	 0.0441 0.0080 	 0.0434 0.0081 
38 	 0.0062 0.0015 	 0.0173 0.0035 	 0.0112 0.0025 	 0.0208 0.0043 	 0.0424 0.0081 	 0.0416 0.0079 
39 	 0.0065 0.0012 	 0.0183 0.0031 	 0.0122 0.0023 	 0.0225 0.0039 	 0.0459 0.0072 	 0.0455 0.0071 
40 	 0.0066 0.0014 	 0.0178 0.0036 	 0.0128 0.0025 	 0.0222 0.0043 	 0.0468 0.0085 	 0.0467 0.0085 
41 	 0.0065 0.0013 	 0.0182 0.0034 	 0.0123 0.0025 	 0.0214 0.0044 	 0.0450 0.0078 	 0.0447 0.0075 
42 	 0.0060 0.0013 	 0.0177 0.0034 	 0.0115 0.0024 	 0.0210 0.0042 	 0.0445 0.0076 	 0.0426 0.0080 
43 	 0.0060 0.0014 	 0.0171 0.0037 	 0.0117 0.0026 	 0.0213 0.0044 	 0.0442 0.0085 	 0.0441 0.0086 
44 	 0.0072 0.0005 	 0.0200 0.0011 	 0.0137 0.0011 	 0.0244 0.0017 	 0.0500 0.0029 	 0.0497 0.0032 
45 	 0.0064 0.0013 	 0.0177 0.0034 	 0.0123 0.0024 	 0.0222 0.0040 	 0.0458 0.0077 	 0.0455 0.0078 
