Task 	 PA 	 PA_NV 	 PA_SL 	 HetOTL 	 HetOTL_SL 	 OTLHS 
1 	 0.0054 0.0014 	 0.0128 0.0029 	 0.0099 0.0024 	 0.0161 0.0038 	 0.0322 0.0069 	 0.0321 0.0069 
2 	 0.0044 0.0009 	 0.0112 0.0020 	 0.0084 0.0016 	 0.0140 0.0026 	 0.0282 0.0048 	 0.0281 0.0045 
3 	 0.0051 0.0012 	 0.0125 0.0027 	 0.0095 0.0023 	 0.0154 0.0034 	 0.0322 0.0088 	 0.0310 0.0066 
4 	 0.0055 0.0014 	 0.0129 0.0031 	 0.0101 0.0026 	 0.0162 0.0039 	 0.0331 0.0072 	 0.0326 0.0073 
5 	 0.0051 0.0013 	 0.0128 0.0029 	 0.0097 0.0022 	 0.0158 0.0036 	 0.0317 0.0064 	 0.0318 0.0067 
6 	 0.0048 0.0011 	 0.0121 0.0025 	 0.0092 0.0020 	 0.0151 0.0031 	 0.0302 0.0058 	 0.0303 0.0059 
7 	 0.0048 0.0011 	 0.0121 0.0025 	 0.0098 0.0024 	 0.0150 0.0029 	 0.0318 0.0061 	 0.0317 0.0057 
8 	 0.0049 0.0011 	 0.0123 0.0026 	 0.0097 0.0021 	 0.0154 0.0033 	 0.0320 0.0060 	 0.0315 0.0059 
9 	 0.0048 0.0011 	 0.0120 0.0025 	 0.0091 0.0019 	 0.0149 0.0028 	 0.0300 0.0055 	 0.0299 0.0056 
10 	 0.0051 0.0012 	 0.0123 0.0031 	 0.0095 0.0021 	 0.0155 0.0049 	 0.0311 0.0060 	 0.0314 0.0068 
11 	 0.0048 0.0011 	 0.0121 0.0026 	 0.0091 0.0020 	 0.0155 0.0034 	 0.0306 0.0063 	 0.0304 0.0063 
12 	 0.0051 0.0012 	 0.0125 0.0026 	 0.0097 0.0020 	 0.0158 0.0033 	 0.0321 0.0063 	 0.0314 0.0061 
13 	 0.0049 0.0011 	 0.0123 0.0026 	 0.0097 0.0023 	 0.0157 0.0033 	 0.0312 0.0060 	 0.0314 0.0061 
14 	 0.0050 0.0012 	 0.0126 0.0029 	 0.0095 0.0022 	 0.0157 0.0035 	 0.0312 0.0064 	 0.0315 0.0068 
15 	 0.0050 0.0011 	 0.0120 0.0025 	 0.0093 0.0021 	 0.0151 0.0032 	 0.0309 0.0064 	 0.0307 0.0064 
16 	 0.0052 0.0012 	 0.0127 0.0028 	 0.0097 0.0022 	 0.0160 0.0034 	 0.0323 0.0062 	 0.0325 0.0067 
17 	 0.0049 0.0011 	 0.0120 0.0024 	 0.0096 0.0021 	 0.0153 0.0034 	 0.0313 0.0060 	 0.0307 0.0056 
18 	 0.0048 0.0010 	 0.0121 0.0024 	 0.0093 0.0019 	 0.0150 0.0028 	 0.0304 0.0056 	 0.0301 0.0051 
19 	 0.0048 0.0011 	 0.0121 0.0025 	 0.0093 0.0021 	 0.0152 0.0031 	 0.0303 0.0060 	 0.0305 0.0061 
20 	 0.0051 0.0012 	 0.0122 0.0025 	 0.0098 0.0023 	 0.0153 0.0030 	 0.0311 0.0060 	 0.0309 0.0058 
21 	 0.0050 0.0012 	 0.0125 0.0027 	 0.0100 0.0022 	 0.0157 0.0035 	 0.0328 0.0066 	 0.0322 0.0063 
22 	 0.0049 0.0011 	 0.0124 0.0026 	 0.0095 0.0022 	 0.0153 0.0031 	 0.0301 0.0057 	 0.0301 0.0059 
23 	 0.0047 0.0011 	 0.0125 0.0027 	 0.0101 0.0026 	 0.0156 0.0035 	 0.0332 0.0067 	 0.0323 0.0067 
24 	 0.0047 0.0010 	 0.0118 0.0022 	 0.0092 0.0020 	 0.0147 0.0027 	 0.0295 0.0052 	 0.0294 0.0051 
25 	 0.0047 0.0010 	 0.0120 0.0023 	 0.0090 0.0019 	 0.0151 0.0029 	 0.0293 0.0052 	 0.0297 0.0058 
26 	 0.0049 0.0011 	 0.0120 0.0024 	 0.0098 0.0021 	 0.0149 0.0028 	 0.0313 0.0055 	 0.0315 0.0059 
27 	 0.0051 0.0012 	 0.0124 0.0025 	 0.0099 0.0022 	 0.0155 0.0030 	 0.0316 0.0059 	 0.0312 0.0057 
28 	 0.0046 0.0010 	 0.0117 0.0023 	 0.0087 0.0020 	 0.0145 0.0029 	 0.0283 0.0053 	 0.0284 0.0053 
29 	 0.0049 0.0011 	 0.0119 0.0024 	 0.0095 0.0020 	 0.0152 0.0031 	 0.0305 0.0057 	 0.0305 0.0059 
30 	 0.0046 0.0011 	 0.0120 0.0025 	 0.0087 0.0018 	 0.0146 0.0029 	 0.0291 0.0055 	 0.0289 0.0052 
31 	 0.0053 0.0012 	 0.0125 0.0027 	 0.0102 0.0023 	 0.0160 0.0033 	 0.0327 0.0061 	 0.0327 0.0063 
32 	 0.0049 0.0011 	 0.0123 0.0025 	 0.0095 0.0021 	 0.0155 0.0033 	 0.0313 0.0063 	 0.0310 0.0061 
33 	 0.0046 0.0008 	 0.0111 0.0015 	 0.0087 0.0014 	 0.0144 0.0024 	 0.0290 0.0044 	 0.0287 0.0042 
34 	 0.0047 0.0010 	 0.0118 0.0022 	 0.0094 0.0019 	 0.0147 0.0027 	 0.0305 0.0054 	 0.0300 0.0050 
35 	 0.0047 0.0011 	 0.0118 0.0024 	 0.0092 0.0021 	 0.0149 0.0032 	 0.0291 0.0055 	 0.0291 0.0056 
36 	 0.0045 0.0010 	 0.0115 0.0021 	 0.0094 0.0019 	 0.0145 0.0028 	 0.0302 0.0052 	 0.0304 0.0054 
37 	 0.0051 0.0012 	 0.0122 0.0026 	 0.0098 0.0022 	 0.0156 0.0034 	 0.0316 0.0064 	 0.0314 0.0064 
38 	 0.0046 0.0009 	 0.0115 0.0020 	 0.0089 0.0017 	 0.0144 0.0027 	 0.0290 0.0051 	 0.0285 0.0047 
39 	 0.0046 0.0010 	 0.0116 0.0021 	 0.0089 0.0017 	 0.0147 0.0029 	 0.0295 0.0049 	 0.0295 0.0053 
40 	 0.0050 0.0012 	 0.0123 0.0025 	 0.0099 0.0021 	 0.0156 0.0033 	 0.0328 0.0066 	 0.0317 0.0056 
41 	 0.0056 0.0020 	 0.0141 0.0048 	 0.0108 0.0030 	 0.0177 0.0057 	 0.0359 0.0096 	 0.0345 0.0092 
42 	 0.0045 0.0009 	 0.0115 0.0020 	 0.0089 0.0017 	 0.0143 0.0026 	 0.0290 0.0044 	 0.0290 0.0049 
43 	 0.0050 0.0012 	 0.0125 0.0027 	 0.0098 0.0022 	 0.0157 0.0035 	 0.0326 0.0069 	 0.0321 0.0065 
44 	 0.0051 0.0013 	 0.0127 0.0030 	 0.0099 0.0023 	 0.0155 0.0035 	 0.0320 0.0067 	 0.0313 0.0064 
45 	 0.0046 0.0008 	 0.0112 0.0018 	 0.0090 0.0015 	 0.0141 0.0022 	 0.0292 0.0042 	 0.0291 0.0042 
