Task 	 PA 	 PA_NV 	 PA_SL 	 HetOTL 	 HetOTL_SL 	 OTLHS 
1 	 0.0056 0.0013 	 0.0141 0.0032 	 0.0100 0.0024 	 0.0179 0.0040 	 0.0363 0.0075 	 0.0365 0.0080 
2 	 0.0052 0.0012 	 0.0144 0.0032 	 0.0097 0.0022 	 0.0174 0.0037 	 0.0353 0.0074 	 0.0352 0.0075 
3 	 0.0053 0.0012 	 0.0142 0.0029 	 0.0097 0.0021 	 0.0181 0.0039 	 0.0362 0.0070 	 0.0362 0.0072 
4 	 0.0057 0.0013 	 0.0150 0.0032 	 0.0103 0.0023 	 0.0181 0.0038 	 0.0378 0.0074 	 0.0373 0.0074 
5 	 0.0055 0.0013 	 0.0152 0.0033 	 0.0103 0.0023 	 0.0185 0.0041 	 0.0381 0.0074 	 0.0371 0.0074 
6 	 0.0054 0.0012 	 0.0152 0.0035 	 0.0101 0.0024 	 0.0184 0.0041 	 0.0365 0.0071 	 0.0374 0.0078 
7 	 0.0054 0.0013 	 0.0150 0.0031 	 0.0107 0.0024 	 0.0185 0.0041 	 0.0392 0.0076 	 0.0389 0.0077 
8 	 0.0057 0.0014 	 0.0154 0.0035 	 0.0107 0.0025 	 0.0184 0.0041 	 0.0388 0.0079 	 0.0385 0.0080 
9 	 0.0068 0.0011 	 0.0187 0.0028 	 0.0124 0.0020 	 0.0226 0.0036 	 0.0459 0.0068 	 0.0455 0.0067 
10 	 0.0054 0.0012 	 0.0141 0.0029 	 0.0099 0.0022 	 0.0179 0.0038 	 0.0363 0.0065 	 0.0362 0.0069 
11 	 0.0058 0.0013 	 0.0163 0.0035 	 0.0106 0.0025 	 0.0193 0.0043 	 0.0393 0.0081 	 0.0394 0.0078 
12 	 0.0071 0.0011 	 0.0191 0.0026 	 0.0131 0.0020 	 0.0233 0.0035 	 0.0487 0.0061 	 0.0474 0.0068 
13 	 0.0065 0.0013 	 0.0181 0.0032 	 0.0123 0.0023 	 0.0222 0.0039 	 0.0457 0.0072 	 0.0455 0.0073 
14 	 0.0062 0.0012 	 0.0175 0.0034 	 0.0117 0.0023 	 0.0216 0.0039 	 0.0436 0.0075 	 0.0434 0.0075 
15 	 0.0065 0.0013 	 0.0177 0.0033 	 0.0120 0.0024 	 0.0214 0.0043 	 0.0442 0.0080 	 0.0437 0.0080 
16 	 0.0064 0.0014 	 0.0173 0.0036 	 0.0117 0.0026 	 0.0212 0.0045 	 0.0444 0.0085 	 0.0437 0.0085 
17 	 0.0064 0.0014 	 0.0177 0.0034 	 0.0122 0.0025 	 0.0221 0.0041 	 0.0453 0.0076 	 0.0440 0.0083 
18 	 0.0065 0.0013 	 0.0180 0.0033 	 0.0123 0.0023 	 0.0219 0.0041 	 0.0453 0.0072 	 0.0447 0.0074 
19 	 0.0064 0.0013 	 0.0181 0.0032 	 0.0119 0.0023 	 0.0217 0.0041 	 0.0440 0.0076 	 0.0439 0.0075 
20 	 0.0064 0.0013 	 0.0177 0.0035 	 0.0120 0.0023 	 0.0216 0.0043 	 0.0445 0.0078 	 0.0438 0.0079 
21 	 0.0062 0.0014 	 0.0175 0.0034 	 0.0123 0.0027 	 0.0214 0.0044 	 0.0457 0.0081 	 0.0450 0.0084 
22 	 0.0063 0.0014 	 0.0178 0.0035 	 0.0116 0.0025 	 0.0216 0.0043 	 0.0432 0.0076 	 0.0432 0.0076 
23 	 0.0063 0.0012 	 0.0182 0.0033 	 0.0129 0.0024 	 0.0221 0.0038 	 0.0466 0.0075 	 0.0461 0.0080 
24 	 0.0064 0.0013 	 0.0182 0.0032 	 0.0119 0.0024 	 0.0212 0.0042 	 0.0444 0.0073 	 0.0429 0.0080 
25 	 0.0062 0.0013 	 0.0176 0.0035 	 0.0116 0.0023 	 0.0215 0.0042 	 0.0435 0.0076 	 0.0429 0.0075 
26 	 0.0063 0.0014 	 0.0171 0.0037 	 0.0125 0.0027 	 0.0213 0.0044 	 0.0440 0.0087 	 0.0446 0.0081 
27 	 0.0063 0.0014 	 0.0173 0.0037 	 0.0122 0.0026 	 0.0215 0.0045 	 0.0447 0.0085 	 0.0441 0.0085 
28 	 0.0058 0.0014 	 0.0167 0.0036 	 0.0106 0.0024 	 0.0196 0.0042 	 0.0392 0.0081 	 0.0391 0.0079 
29 	 0.0063 0.0015 	 0.0172 0.0035 	 0.0118 0.0026 	 0.0209 0.0045 	 0.0436 0.0081 	 0.0422 0.0083 
30 	 0.0057 0.0013 	 0.0165 0.0036 	 0.0107 0.0023 	 0.0193 0.0044 	 0.0393 0.0083 	 0.0394 0.0080 
31 	 0.0066 0.0014 	 0.0176 0.0036 	 0.0123 0.0027 	 0.0219 0.0045 	 0.0462 0.0085 	 0.0450 0.0087 
32 	 0.0061 0.0014 	 0.0172 0.0036 	 0.0116 0.0026 	 0.0214 0.0042 	 0.0439 0.0078 	 0.0432 0.0079 
33 	 0.0062 0.0014 	 0.0169 0.0036 	 0.0116 0.0025 	 0.0205 0.0044 	 0.0429 0.0079 	 0.0424 0.0082 
34 	 0.0066 0.0012 	 0.0181 0.0032 	 0.0124 0.0024 	 0.0222 0.0041 	 0.0465 0.0076 	 0.0452 0.0080 
35 	 0.0062 0.0013 	 0.0177 0.0033 	 0.0118 0.0023 	 0.0215 0.0041 	 0.0429 0.0074 	 0.0430 0.0074 
36 	 0.0062 0.0013 	 0.0177 0.0032 	 0.0124 0.0024 	 0.0219 0.0039 	 0.0455 0.0075 	 0.0448 0.0079 
37 	 0.0061 0.0014 	 0.0167 0.0037 	 0.0116 0.0026 	 0.0204 0.0045 	 0.0425 0.0084 	 0.0416 0.0088 
38 	 0.0060 0.0014 	 0.0168 0.0036 	 0.0113 0.0025 	 0.0210 0.0042 	 0.0426 0.0075 	 0.0421 0.0078 
39 	 0.0064 0.0014 	 0.0174 0.0035 	 0.0122 0.0024 	 0.0217 0.0041 	 0.0441 0.0077 	 0.0448 0.0075 
40 	 0.0064 0.0014 	 0.0174 0.0037 	 0.0125 0.0027 	 0.0221 0.0044 	 0.0460 0.0083 	 0.0463 0.0087 
41 	 0.0063 0.0013 	 0.0179 0.0036 	 0.0122 0.0025 	 0.0217 0.0043 	 0.0453 0.0079 	 0.0440 0.0082 
42 	 0.0060 0.0012 	 0.0172 0.0036 	 0.0119 0.0024 	 0.0210 0.0041 	 0.0431 0.0080 	 0.0432 0.0079 
43 	 0.0062 0.0013 	 0.0175 0.0036 	 0.0123 0.0026 	 0.0212 0.0045 	 0.0446 0.0085 	 0.0444 0.0083 
44 	 0.0070 0.0009 	 0.0194 0.0021 	 0.0135 0.0014 	 0.0242 0.0020 	 0.0490 0.0050 	 0.0490 0.0046 
45 	 0.0063 0.0014 	 0.0173 0.0036 	 0.0124 0.0026 	 0.0220 0.0041 	 0.0453 0.0077 	 0.0443 0.0083 
