Task 	 PA 	 PA_NV 	 PA_SL 	 HetOTL 	 HetOTL_SL 	 OTLHS 
1 	 0.0058 0.0014 	 0.0148 0.0033 	 0.0103 0.0024 	 0.0187 0.0041 	 0.0374 0.0077 	 0.0374 0.0081 
2 	 0.0050 0.0012 	 0.0140 0.0030 	 0.0094 0.0021 	 0.0167 0.0034 	 0.0343 0.0069 	 0.0341 0.0068 
3 	 0.0053 0.0012 	 0.0141 0.0029 	 0.0095 0.0021 	 0.0174 0.0037 	 0.0350 0.0067 	 0.0349 0.0070 
4 	 0.0058 0.0013 	 0.0153 0.0033 	 0.0102 0.0023 	 0.0196 0.0042 	 0.0397 0.0082 	 0.0385 0.0077 
5 	 0.0051 0.0011 	 0.0143 0.0031 	 0.0095 0.0021 	 0.0178 0.0039 	 0.0351 0.0062 	 0.0354 0.0068 
6 	 0.0055 0.0013 	 0.0155 0.0035 	 0.0100 0.0024 	 0.0180 0.0038 	 0.0376 0.0077 	 0.0366 0.0074 
7 	 0.0060 0.0014 	 0.0165 0.0035 	 0.0116 0.0026 	 0.0199 0.0044 	 0.0418 0.0083 	 0.0424 0.0083 
8 	 0.0059 0.0014 	 0.0158 0.0035 	 0.0111 0.0026 	 0.0198 0.0044 	 0.0416 0.0083 	 0.0398 0.0080 
9 	 0.0057 0.0014 	 0.0158 0.0036 	 0.0105 0.0024 	 0.0196 0.0043 	 0.0393 0.0079 	 0.0399 0.0077 
10 	 0.0058 0.0014 	 0.0155 0.0034 	 0.0104 0.0025 	 0.0190 0.0042 	 0.0385 0.0078 	 0.0391 0.0079 
11 	 0.0060 0.0013 	 0.0167 0.0036 	 0.0110 0.0024 	 0.0208 0.0041 	 0.0410 0.0078 	 0.0413 0.0081 
12 	 0.0070 0.0012 	 0.0187 0.0029 	 0.0127 0.0022 	 0.0231 0.0036 	 0.0476 0.0066 	 0.0475 0.0068 
13 	 0.0067 0.0011 	 0.0185 0.0030 	 0.0124 0.0020 	 0.0229 0.0034 	 0.0468 0.0066 	 0.0467 0.0066 
14 	 0.0063 0.0011 	 0.0179 0.0031 	 0.0118 0.0021 	 0.0217 0.0037 	 0.0443 0.0074 	 0.0442 0.0073 
15 	 0.0067 0.0012 	 0.0182 0.0031 	 0.0122 0.0022 	 0.0222 0.0041 	 0.0459 0.0070 	 0.0452 0.0069 
16 	 0.0067 0.0014 	 0.0180 0.0034 	 0.0121 0.0023 	 0.0225 0.0040 	 0.0460 0.0081 	 0.0454 0.0080 
17 	 0.0066 0.0012 	 0.0180 0.0032 	 0.0125 0.0022 	 0.0222 0.0039 	 0.0462 0.0071 	 0.0458 0.0071 
18 	 0.0064 0.0013 	 0.0179 0.0033 	 0.0119 0.0023 	 0.0219 0.0041 	 0.0447 0.0077 	 0.0436 0.0081 
19 	 0.0063 0.0013 	 0.0175 0.0034 	 0.0117 0.0023 	 0.0215 0.0044 	 0.0430 0.0079 	 0.0428 0.0077 
20 	 0.0063 0.0013 	 0.0173 0.0036 	 0.0115 0.0025 	 0.0210 0.0044 	 0.0430 0.0083 	 0.0428 0.0084 
21 	 0.0064 0.0013 	 0.0178 0.0036 	 0.0124 0.0026 	 0.0219 0.0041 	 0.0458 0.0084 	 0.0459 0.0081 
22 	 0.0064 0.0013 	 0.0180 0.0034 	 0.0116 0.0023 	 0.0223 0.0041 	 0.0439 0.0070 	 0.0436 0.0075 
23 	 0.0060 0.0013 	 0.0176 0.0035 	 0.0121 0.0026 	 0.0209 0.0044 	 0.0454 0.0081 	 0.0440 0.0087 
24 	 0.0060 0.0014 	 0.0172 0.0036 	 0.0114 0.0024 	 0.0208 0.0043 	 0.0431 0.0080 	 0.0424 0.0082 
25 	 0.0059 0.0014 	 0.0167 0.0037 	 0.0108 0.0024 	 0.0203 0.0043 	 0.0407 0.0082 	 0.0410 0.0082 
26 	 0.0063 0.0014 	 0.0172 0.0037 	 0.0124 0.0027 	 0.0209 0.0046 	 0.0440 0.0089 	 0.0445 0.0087 
27 	 0.0062 0.0014 	 0.0174 0.0036 	 0.0118 0.0025 	 0.0213 0.0045 	 0.0442 0.0085 	 0.0441 0.0084 
28 	 0.0061 0.0012 	 0.0176 0.0031 	 0.0112 0.0020 	 0.0218 0.0035 	 0.0428 0.0065 	 0.0425 0.0069 
29 	 0.0063 0.0014 	 0.0172 0.0037 	 0.0116 0.0025 	 0.0219 0.0042 	 0.0439 0.0079 	 0.0434 0.0083 
30 	 0.0056 0.0013 	 0.0166 0.0036 	 0.0102 0.0024 	 0.0196 0.0044 	 0.0402 0.0081 	 0.0398 0.0080 
31 	 0.0066 0.0014 	 0.0175 0.0037 	 0.0124 0.0026 	 0.0216 0.0046 	 0.0457 0.0085 	 0.0449 0.0089 
32 	 0.0064 0.0013 	 0.0179 0.0034 	 0.0120 0.0023 	 0.0220 0.0040 	 0.0454 0.0069 	 0.0454 0.0075 
33 	 0.0063 0.0014 	 0.0174 0.0035 	 0.0117 0.0025 	 0.0216 0.0041 	 0.0443 0.0080 	 0.0436 0.0080 
34 	 0.0064 0.0014 	 0.0175 0.0036 	 0.0122 0.0024 	 0.0217 0.0043 	 0.0449 0.0083 	 0.0452 0.0081 
35 	 0.0062 0.0014 	 0.0171 0.0035 	 0.0114 0.0025 	 0.0207 0.0044 	 0.0419 0.0078 	 0.0414 0.0078 
36 	 0.0060 0.0013 	 0.0173 0.0034 	 0.0118 0.0026 	 0.0206 0.0044 	 0.0441 0.0082 	 0.0430 0.0082 
37 	 0.0064 0.0013 	 0.0176 0.0034 	 0.0118 0.0024 	 0.0214 0.0043 	 0.0442 0.0078 	 0.0436 0.0079 
38 	 0.0065 0.0013 	 0.0179 0.0034 	 0.0119 0.0022 	 0.0219 0.0039 	 0.0444 0.0069 	 0.0440 0.0070 
39 	 0.0060 0.0014 	 0.0168 0.0037 	 0.0114 0.0025 	 0.0212 0.0043 	 0.0433 0.0080 	 0.0425 0.0082 
40 	 0.0066 0.0013 	 0.0183 0.0033 	 0.0129 0.0026 	 0.0230 0.0040 	 0.0484 0.0075 	 0.0480 0.0078 
41 	 0.0064 0.0014 	 0.0179 0.0035 	 0.0121 0.0024 	 0.0218 0.0043 	 0.0448 0.0080 	 0.0442 0.0083 
42 	 0.0058 0.0013 	 0.0170 0.0036 	 0.0112 0.0025 	 0.0206 0.0043 	 0.0432 0.0078 	 0.0422 0.0083 
43 	 0.0063 0.0014 	 0.0179 0.0033 	 0.0124 0.0026 	 0.0217 0.0042 	 0.0459 0.0079 	 0.0451 0.0081 
44 	 0.0069 0.0010 	 0.0192 0.0025 	 0.0132 0.0017 	 0.0240 0.0023 	 0.0488 0.0054 	 0.0483 0.0057 
45 	 0.0062 0.0014 	 0.0173 0.0036 	 0.0120 0.0026 	 0.0216 0.0043 	 0.0440 0.0082 	 0.0447 0.0082 
