Task 	 PA 	 PA_NV 	 PA_SL 	 HetOTL 	 HetOTL_SL 	 OTLHS 
1 	 84.7820 1.5565 	 77.6700 2.1334 	 85.4820 1.4700 	 164.1600 3.3316 	 264.3520 4.6238 	 264.3520 4.6238 
2 	 70.9400 1.8378 	 73.0640 1.8131 	 71.6400 1.8253 	 140.1800 3.4850 	 232.1640 5.2312 	 232.1640 5.2312 
3 	 82.4800 1.6146 	 76.8260 1.9601 	 83.1760 1.6637 	 157.5560 3.5668 	 250.4320 5.3463 	 250.4320 5.3463 
4 	 86.6420 1.4040 	 79.4080 1.8111 	 87.3680 1.3522 	 167.1280 3.1354 	 271.0840 4.6154 	 271.0840 4.6154 
5 	 76.7180 1.7709 	 76.9880 1.8306 	 77.4820 1.7771 	 152.7640 3.2976 	 251.4920 5.1771 	 251.4920 5.1771 
6 	 75.3120 1.5803 	 72.9240 1.7400 	 76.0100 1.5238 	 146.7880 3.4204 	 235.9280 4.2611 	 235.9280 4.2611 
7 	 78.5900 1.9110 	 80.6120 1.7516 	 79.6460 1.8958 	 159.1960 3.4966 	 289.1160 4.3834 	 289.1160 4.3834 
8 	 81.6500 1.6979 	 79.7280 1.7495 	 82.6200 1.6550 	 162.0200 3.3279 	 279.2480 5.0840 	 279.2480 5.0840 
9 	 77.1740 1.7734 	 76.1220 1.9307 	 77.9140 1.7487 	 153.1480 3.4516 	 247.2480 5.0744 	 247.2480 5.0744 
10 	 84.3820 1.4986 	 77.0280 1.8352 	 85.1560 1.4871 	 162.7640 3.2705 	 266.3720 4.5957 	 266.3720 4.5957 
11 	 75.3720 1.7051 	 74.2460 1.6312 	 76.0320 1.6855 	 147.7080 3.6788 	 238.9840 4.8978 	 238.9840 4.8978 
12 	 86.5260 1.5514 	 78.5060 1.9454 	 87.3340 1.5314 	 164.7880 3.8591 	 275.7640 4.5590 	 275.7640 4.5590 
13 	 78.3940 1.8945 	 79.3540 1.7940 	 79.1640 1.9174 	 157.5080 3.3053 	 260.1160 4.4872 	 260.1160 4.4872 
14 	 73.0760 1.7544 	 74.5420 2.0196 	 73.7980 1.7334 	 145.0280 3.9485 	 239.2680 4.7764 	 239.2680 4.7764 
15 	 80.6480 1.6875 	 75.2280 2.0275 	 81.4420 1.6159 	 152.9600 3.3263 	 251.3760 5.2226 	 251.3760 5.2226 
16 	 85.0560 1.4177 	 80.6400 1.9322 	 85.7720 1.4279 	 166.7160 2.8627 	 276.9000 4.9819 	 276.9000 4.9819 
17 	 79.3460 1.6068 	 76.6020 2.0342 	 80.1100 1.5917 	 156.5560 3.3993 	 265.9080 4.7516 	 265.9080 4.7516 
18 	 77.3060 1.7633 	 75.8880 1.7806 	 78.0220 1.8304 	 153.7200 3.3977 	 250.1240 4.7334 	 250.1240 4.7334 
19 	 76.9460 1.6428 	 74.5940 1.8516 	 77.7200 1.6191 	 150.2680 3.2823 	 238.7160 4.4677 	 238.7160 4.4677 
20 	 80.3620 1.5371 	 77.2900 1.9017 	 81.1140 1.4129 	 158.0240 3.3218 	 259.8680 4.4200 	 259.8680 4.4200 
21 	 79.7680 1.4920 	 80.9540 1.5977 	 80.6120 1.4727 	 160.7040 3.3293 	 287.8880 4.8739 	 287.8880 4.8739 
22 	 77.4020 1.4277 	 75.2520 1.7808 	 78.0880 1.4557 	 151.3800 3.3929 	 236.0960 4.8024 	 236.0960 4.8024 
23 	 72.9160 1.8242 	 77.7560 1.7036 	 73.8080 1.7516 	 148.6080 3.4543 	 275.2400 4.5874 	 275.2400 4.5874 
24 	 76.2780 1.4999 	 75.3360 1.7809 	 77.0800 1.5237 	 148.2120 3.5178 	 244.2400 4.1402 	 244.2400 4.1402 
25 	 74.2400 1.6025 	 75.4780 1.8865 	 74.9040 1.5900 	 148.2680 3.6665 	 234.6040 4.8531 	 234.6040 4.8531 
26 	 81.7460 1.7974 	 80.4040 1.7380 	 82.5840 1.6996 	 163.4960 3.1627 	 284.9720 4.0479 	 284.9720 4.0479 
27 	 80.8360 1.5963 	 81.0080 1.4653 	 81.6800 1.6228 	 163.1200 2.8020 	 272.5000 4.7555 	 272.5000 4.7555 
28 	 68.4040 1.5642 	 66.1100 1.9826 	 69.0140 1.6216 	 130.4680 3.8299 	 205.8080 4.8614 	 205.8080 4.8614 
29 	 81.3660 1.8927 	 77.5500 1.8096 	 82.4660 1.8434 	 159.2440 3.3639 	 261.0040 4.8166 	 261.0040 4.8166 
30 	 68.3620 1.7206 	 72.3920 1.7272 	 69.0600 1.6850 	 137.3640 3.4714 	 226.1240 5.0130 	 226.1240 5.0130 
31 	 88.1620 1.5009 	 80.9360 1.8001 	 88.8820 1.5229 	 170.6400 3.2116 	 296.6800 5.1053 	 296.6800 5.1053 
32 	 78.4760 1.7555 	 77.2400 1.9240 	 79.2040 1.7148 	 153.4760 3.2797 	 254.1760 4.7609 	 254.1760 4.7609 
33 	 79.6960 1.6252 	 75.8340 2.0287 	 80.5300 1.5555 	 155.6120 3.4906 	 253.5360 4.5666 	 253.5360 4.5666 
34 	 79.6220 1.6458 	 78.0120 1.8789 	 80.4920 1.6652 	 158.7000 3.4062 	 274.9840 5.1794 	 274.9840 5.1794 
35 	 75.6900 1.6606 	 71.4180 1.9330 	 76.4300 1.6442 	 144.4560 3.4240 	 228.2800 4.8607 	 228.2800 4.8607 
36 	 71.9080 1.9847 	 72.9880 1.7895 	 72.7580 1.9501 	 146.1840 3.8541 	 266.7400 4.9705 	 266.7400 4.9705 
37 	 80.2060 1.6449 	 76.2000 2.0615 	 81.0760 1.6260 	 155.6880 3.6830 	 261.8800 4.8227 	 261.8800 4.8227 
38 	 75.7360 1.5883 	 72.9620 1.8973 	 76.5180 1.5429 	 147.1160 4.0126 	 236.3680 4.8535 	 236.3680 4.8535 
39 	 77.5560 1.6304 	 76.8980 1.7804 	 78.2600 1.6344 	 155.0000 3.2801 	 254.7440 4.4633 	 254.7440 4.4633 
40 	 84.2840 1.8084 	 83.7000 1.4235 	 85.1800 1.8083 	 169.4040 3.4543 	 305.5760 4.6114 	 305.5760 4.6114 
41 	 78.5180 1.7914 	 78.5300 1.7159 	 79.2040 1.7784 	 157.4520 3.3003 	 261.1800 4.1594 	 261.1800 4.1594 
42 	 71.0200 1.6545 	 76.3040 1.6197 	 71.7400 1.6891 	 145.8840 3.0438 	 253.0960 5.1031 	 253.0960 5.1031 
43 	 77.5960 1.7997 	 79.0580 1.7708 	 78.3720 1.7463 	 156.1040 3.4674 	 277.1640 4.2416 	 277.1640 4.2416 
44 	 77.0380 1.7204 	 77.9420 1.6089 	 77.7140 1.7052 	 155.1920 3.5185 	 262.1840 4.9284 	 262.1840 4.9284 
45 	 77.6060 1.5022 	 78.2360 1.6912 	 78.4200 1.4734 	 157.5120 3.4934 	 269.8840 4.7977 	 269.8840 4.7977 
