Task 	 PA 	 PA_NV 	 PA_SL 	 HetOTL 	 HetOTL_SL 	 OTLHS 
1 	 0.0053 0.0009 	 0.0114 0.0017 	 0.0092 0.0015 	 0.0153 0.0026 	 0.0320 0.0041 	 0.0316 0.0041 
2 	 0.0051 0.0006 	 0.0108 0.0014 	 0.0091 0.0009 	 0.0141 0.0009 	 0.0298 0.0021 	 0.0295 0.0021 
3 	 0.0052 0.0008 	 0.0112 0.0020 	 0.0091 0.0013 	 0.0149 0.0021 	 0.0311 0.0058 	 0.0305 0.0041 
4 	 0.0053 0.0011 	 0.0112 0.0014 	 0.0091 0.0013 	 0.0147 0.0017 	 0.0312 0.0039 	 0.0308 0.0032 
5 	 0.0051 0.0006 	 0.0109 0.0013 	 0.0092 0.0014 	 0.0145 0.0019 	 0.0304 0.0039 	 0.0303 0.0038 
6 	 0.0052 0.0007 	 0.0110 0.0014 	 0.0092 0.0013 	 0.0147 0.0023 	 0.0307 0.0039 	 0.0303 0.0036 
7 	 0.0053 0.0008 	 0.0114 0.0018 	 0.0099 0.0017 	 0.0151 0.0025 	 0.0330 0.0048 	 0.0328 0.0051 
8 	 0.0053 0.0009 	 0.0115 0.0018 	 0.0096 0.0016 	 0.0150 0.0021 	 0.0327 0.0043 	 0.0322 0.0040 
9 	 0.0051 0.0003 	 0.0110 0.0007 	 0.0091 0.0008 	 0.0146 0.0009 	 0.0310 0.0018 	 0.0309 0.0018 
10 	 0.0051 0.0005 	 0.0110 0.0010 	 0.0091 0.0008 	 0.0145 0.0009 	 0.0311 0.0020 	 0.0309 0.0020 
11 	 0.0051 0.0008 	 0.0110 0.0016 	 0.0091 0.0010 	 0.0143 0.0015 	 0.0299 0.0031 	 0.0300 0.0037 
12 	 0.0051 0.0007 	 0.0110 0.0014 	 0.0092 0.0014 	 0.0147 0.0020 	 0.0308 0.0035 	 0.0307 0.0037 
13 	 0.0051 0.0007 	 0.0111 0.0014 	 0.0094 0.0013 	 0.0145 0.0016 	 0.0305 0.0032 	 0.0305 0.0034 
14 	 0.0051 0.0008 	 0.0108 0.0014 	 0.0092 0.0014 	 0.0145 0.0021 	 0.0301 0.0036 	 0.0302 0.0043 
15 	 0.0052 0.0009 	 0.0110 0.0017 	 0.0093 0.0017 	 0.0147 0.0023 	 0.0306 0.0047 	 0.0303 0.0044 
16 	 0.0052 0.0008 	 0.0113 0.0016 	 0.0092 0.0014 	 0.0151 0.0024 	 0.0315 0.0044 	 0.0314 0.0046 
17 	 0.0050 0.0003 	 0.0107 0.0008 	 0.0092 0.0006 	 0.0146 0.0015 	 0.0311 0.0019 	 0.0311 0.0028 
18 	 0.0050 0.0004 	 0.0107 0.0009 	 0.0092 0.0008 	 0.0144 0.0020 	 0.0298 0.0030 	 0.0295 0.0028 
19 	 0.0052 0.0007 	 0.0111 0.0013 	 0.0093 0.0012 	 0.0148 0.0017 	 0.0308 0.0033 	 0.0307 0.0032 
20 	 0.0051 0.0006 	 0.0110 0.0011 	 0.0092 0.0009 	 0.0145 0.0012 	 0.0311 0.0026 	 0.0308 0.0024 
21 	 0.0051 0.0005 	 0.0110 0.0009 	 0.0096 0.0012 	 0.0145 0.0012 	 0.0315 0.0018 	 0.0315 0.0026 
22 	 0.0052 0.0009 	 0.0109 0.0010 	 0.0091 0.0012 	 0.0146 0.0018 	 0.0300 0.0037 	 0.0299 0.0040 
23 	 0.0051 0.0005 	 0.0110 0.0013 	 0.0097 0.0009 	 0.0146 0.0018 	 0.0315 0.0030 	 0.0315 0.0037 
24 	 0.0053 0.0009 	 0.0113 0.0017 	 0.0097 0.0019 	 0.0152 0.0024 	 0.0318 0.0044 	 0.0315 0.0043 
25 	 0.0051 0.0005 	 0.0109 0.0009 	 0.0090 0.0007 	 0.0147 0.0018 	 0.0303 0.0022 	 0.0302 0.0026 
26 	 0.0052 0.0009 	 0.0112 0.0017 	 0.0098 0.0015 	 0.0148 0.0022 	 0.0318 0.0042 	 0.0315 0.0046 
27 	 0.0051 0.0006 	 0.0111 0.0011 	 0.0093 0.0008 	 0.0148 0.0016 	 0.0318 0.0042 	 0.0312 0.0032 
28 	 0.0050 0.0005 	 0.0104 0.0007 	 0.0088 0.0006 	 0.0140 0.0012 	 0.0287 0.0025 	 0.0286 0.0024 
29 	 0.0051 0.0007 	 0.0110 0.0015 	 0.0093 0.0014 	 0.0146 0.0018 	 0.0309 0.0036 	 0.0310 0.0039 
30 	 0.0053 0.0009 	 0.0112 0.0018 	 0.0092 0.0013 	 0.0146 0.0019 	 0.0306 0.0042 	 0.0301 0.0038 
31 	 0.0052 0.0009 	 0.0109 0.0011 	 0.0094 0.0014 	 0.0147 0.0017 	 0.0311 0.0031 	 0.0313 0.0040 
32 	 0.0053 0.0009 	 0.0113 0.0020 	 0.0096 0.0018 	 0.0150 0.0027 	 0.0318 0.0066 	 0.0311 0.0056 
33 	 0.0051 0.0006 	 0.0110 0.0013 	 0.0092 0.0011 	 0.0147 0.0019 	 0.0312 0.0037 	 0.0309 0.0034 
34 	 0.0051 0.0005 	 0.0107 0.0009 	 0.0093 0.0008 	 0.0143 0.0012 	 0.0303 0.0021 	 0.0301 0.0026 
35 	 0.0052 0.0007 	 0.0106 0.0011 	 0.0093 0.0013 	 0.0142 0.0016 	 0.0290 0.0027 	 0.0293 0.0037 
36 	 0.0051 0.0005 	 0.0108 0.0012 	 0.0095 0.0007 	 0.0142 0.0012 	 0.0313 0.0029 	 0.0307 0.0010 
37 	 0.0052 0.0010 	 0.0112 0.0021 	 0.0094 0.0016 	 0.0148 0.0023 	 0.0312 0.0047 	 0.0306 0.0040 
38 	 0.0051 0.0004 	 0.0108 0.0009 	 0.0091 0.0008 	 0.0144 0.0012 	 0.0303 0.0023 	 0.0300 0.0019 
39 	 0.0053 0.0009 	 0.0113 0.0018 	 0.0096 0.0016 	 0.0151 0.0025 	 0.0317 0.0045 	 0.0317 0.0050 
40 	 0.0052 0.0009 	 0.0113 0.0018 	 0.0098 0.0016 	 0.0147 0.0021 	 0.0321 0.0050 	 0.0317 0.0042 
41 	 0.0050 0.0005 	 0.0109 0.0012 	 0.0093 0.0010 	 0.0146 0.0018 	 0.0308 0.0037 	 0.0304 0.0033 
42 	 0.0052 0.0008 	 0.0113 0.0019 	 0.0096 0.0015 	 0.0147 0.0017 	 0.0319 0.0043 	 0.0314 0.0035 
43 	 0.0051 0.0005 	 0.0110 0.0009 	 0.0095 0.0010 	 0.0149 0.0018 	 0.0324 0.0034 	 0.0319 0.0023 
44 	 0.0052 0.0007 	 0.0110 0.0012 	 0.0095 0.0013 	 0.0147 0.0017 	 0.0316 0.0031 	 0.0316 0.0033 
45 	 0.0051 0.0006 	 0.0109 0.0010 	 0.0094 0.0010 	 0.0147 0.0017 	 0.0314 0.0030 	 0.0313 0.0037 
