Task 	 PA 	 PA_NV 	 PA_SL 	 HetOTL 	 HetOTL_SL 	 OTLHS 
1 	 37.8300 1.6422 	 49.9040 2.1930 	 37.4500 1.6806 	 44.8060 1.8842 	 40.7960 2.0195 	 40.8520 2.0376 
2 	 27.5600 1.2937 	 50.1540 2.2969 	 26.5100 1.2082 	 32.7000 1.4055 	 28.8840 1.5534 	 29.1820 1.5531 
3 	 38.2820 1.8077 	 50.3400 2.2607 	 37.4180 1.6048 	 43.4240 2.1326 	 38.6180 1.8066 	 38.6760 1.8206 
4 	 41.6700 1.7402 	 50.0800 2.0044 	 41.1800 1.6547 	 46.9120 2.1612 	 43.3580 1.6842 	 43.4360 1.7299 
5 	 32.7200 1.5106 	 49.9940 2.1054 	 31.6000 1.3671 	 38.1640 1.7222 	 35.0220 1.7242 	 35.1420 1.7311 
6 	 30.8020 1.4336 	 50.6180 2.3066 	 29.9000 1.2162 	 37.1240 1.7065 	 33.1020 1.8263 	 33.2560 1.8407 
7 	 40.0800 1.8344 	 50.1160 2.3395 	 38.5720 1.5513 	 43.2240 1.8927 	 42.7100 2.0136 	 42.9480 2.0324 
8 	 42.8920 2.0071 	 49.9400 2.0549 	 41.5480 1.7910 	 46.2040 2.0572 	 43.1740 1.9587 	 43.3360 1.9515 
9 	 33.1300 1.4876 	 50.1460 2.0465 	 31.8660 1.4940 	 39.3080 1.6756 	 34.5000 1.8644 	 34.5640 1.8885 
10 	 39.9160 1.8574 	 50.2420 2.2221 	 39.3520 1.6033 	 45.6700 1.8557 	 42.0580 2.1036 	 42.1400 2.0635 
11 	 30.7380 1.4855 	 50.3300 2.3621 	 29.8260 1.4306 	 36.8700 1.7369 	 33.3380 1.8411 	 33.4300 1.8225 
12 	 41.7140 1.9036 	 50.1060 2.1281 	 41.3080 1.7444 	 46.8820 2.0016 	 44.7420 2.1256 	 44.7780 2.1403 
13 	 31.0260 1.5212 	 49.7680 2.2205 	 30.5800 1.4560 	 38.8980 1.9243 	 34.4060 1.8726 	 34.5240 1.8984 
14 	 29.9400 1.3652 	 50.2120 2.0743 	 28.8880 1.3781 	 35.1980 1.5491 	 30.8400 1.7221 	 31.0380 1.7307 
15 	 35.2060 1.6919 	 50.6420 2.4523 	 34.5700 1.3799 	 41.7740 1.8903 	 36.9240 2.0614 	 37.0300 2.0961 
16 	 41.2500 1.8500 	 49.9620 2.5358 	 40.5300 1.7907 	 45.8780 2.2039 	 43.2040 1.9557 	 43.2760 1.9153 
17 	 32.7180 1.4056 	 50.0200 2.1587 	 32.1140 1.4163 	 40.3480 1.6452 	 36.6280 1.8673 	 36.7480 1.8853 
18 	 30.7460 1.5492 	 49.8180 2.5504 	 30.1760 1.4245 	 38.0440 1.8130 	 32.7260 1.6862 	 32.8580 1.6770 
19 	 30.3200 1.4553 	 49.9940 2.2701 	 29.8140 1.2685 	 37.3620 1.6795 	 34.2480 1.8178 	 34.3560 1.8327 
20 	 34.3780 1.4469 	 49.7560 2.1793 	 33.8200 1.4101 	 40.8320 1.7626 	 36.6360 2.1385 	 36.7240 2.0968 
21 	 35.4500 1.5563 	 50.0720 2.0206 	 34.6300 1.4126 	 41.1960 1.9213 	 41.5400 1.6311 	 41.7260 1.6516 
22 	 28.8300 1.3793 	 49.8720 2.2363 	 28.4600 1.2831 	 37.3100 1.7014 	 33.4120 1.8128 	 33.4840 1.8187 
23 	 31.2300 1.3988 	 49.8280 2.1907 	 29.7240 1.3552 	 35.4320 1.7603 	 36.0080 1.7555 	 36.2960 1.7071 
24 	 32.1240 1.5489 	 50.0440 2.3318 	 31.0680 1.4482 	 38.0320 1.8259 	 35.2140 1.6954 	 35.3140 1.6833 
25 	 26.7080 1.1555 	 50.0820 2.0855 	 25.9220 1.2306 	 34.6680 1.3869 	 29.6720 1.5762 	 29.8100 1.5943 
26 	 38.0100 1.5859 	 49.8600 2.1442 	 37.1200 1.4694 	 43.2640 1.9303 	 39.6020 2.0635 	 39.7140 2.0746 
27 	 33.5320 1.6278 	 50.3080 2.0031 	 32.9020 1.4178 	 41.6920 1.6197 	 37.8600 2.0156 	 37.9240 2.0050 
28 	 24.8180 1.3892 	 50.2080 2.4271 	 23.8340 1.2141 	 30.6000 1.5899 	 26.9460 1.4877 	 27.1680 1.4781 
29 	 41.8860 1.7591 	 50.0940 2.3815 	 40.8860 1.8964 	 45.9240 2.2636 	 41.0840 1.9728 	 41.3040 1.9808 
30 	 26.5680 1.4704 	 50.5320 2.0793 	 25.5380 1.4032 	 32.0440 1.6077 	 29.3720 1.5886 	 29.7100 1.6523 
31 	 45.4900 2.0415 	 49.9100 2.2857 	 45.0420 2.0456 	 48.3700 2.2591 	 46.2000 2.1929 	 46.2980 2.1782 
32 	 34.7660 1.6038 	 49.7420 2.4353 	 33.8180 1.5503 	 40.2120 1.8400 	 37.5540 1.6908 	 37.6900 1.7299 
33 	 31.9740 1.5798 	 50.3340 2.0724 	 31.3060 1.4808 	 40.1800 1.7738 	 37.2320 1.9920 	 37.3360 2.0392 
34 	 37.6620 1.6862 	 50.2120 2.2953 	 36.6340 1.5967 	 42.4740 1.9210 	 41.0180 2.1473 	 41.2520 2.1243 
35 	 26.7340 1.3086 	 49.8900 2.5302 	 26.4300 1.2631 	 35.1260 1.8128 	 32.7660 1.8610 	 32.8320 1.8614 
36 	 32.2180 1.4259 	 50.5320 2.2322 	 30.4040 1.4442 	 35.8820 1.7521 	 35.2200 2.0622 	 35.6980 2.1127 
37 	 39.0520 1.8739 	 50.2140 2.1349 	 37.8420 1.6447 	 43.2740 1.9073 	 40.8340 1.8818 	 40.9200 1.9084 
38 	 27.7760 1.4873 	 50.4880 2.5947 	 27.2060 1.4468 	 36.3280 1.7227 	 32.6720 1.7792 	 32.8360 1.8167 
39 	 30.9240 1.5410 	 50.2160 2.1781 	 29.8940 1.4066 	 37.9840 1.6260 	 34.4140 1.6902 	 34.5460 1.6965 
40 	 43.6700 1.8568 	 50.2960 2.3537 	 42.5940 1.7973 	 46.9580 2.1767 	 45.8380 2.3149 	 45.8940 2.3616 
41 	 32.0400 1.5098 	 50.2760 2.1227 	 31.2280 1.5213 	 39.3360 1.5390 	 35.5380 1.6975 	 35.5920 1.6639 
42 	 29.7740 1.4090 	 49.9880 1.8569 	 28.2000 1.2237 	 34.3120 1.4186 	 32.4080 1.6856 	 32.6500 1.6909 
43 	 35.7700 1.4097 	 50.1100 2.3578 	 34.3900 1.3752 	 40.2880 1.7577 	 38.3520 1.7689 	 38.5220 1.8217 
44 	 31.3100 1.5270 	 50.1220 2.2865 	 30.2240 1.3976 	 38.0600 1.8076 	 33.8320 1.7293 	 34.2120 1.6810 
45 	 33.2760 1.6065 	 50.2020 2.1730 	 32.3400 1.5375 	 39.7280 1.8373 	 36.9640 1.8388 	 37.0420 1.8762 
