Task 	 PA 	 PA_NV 	 PA_SL 	 HetOTL 	 HetOTL_SL 	 OTLHS 
1 	 84.7820 1.5565 	 72.6540 2.3160 	 91.8940 1.1379 	 165.6800 3.6797 	 318.6680 4.7260 	 318.4080 4.8679 
2 	 70.9400 1.8378 	 72.7980 2.1708 	 78.1000 1.6346 	 142.6560 3.6614 	 266.9040 4.8827 	 267.1040 4.9678 
3 	 82.4800 1.6146 	 73.5500 2.2991 	 89.4360 1.4347 	 159.2920 3.9397 	 302.9800 4.4157 	 302.7280 4.4944 
4 	 86.6420 1.4040 	 73.4840 2.1636 	 93.2560 1.1357 	 166.9600 3.3263 	 312.7160 4.9044 	 312.3960 4.8106 
5 	 76.7180 1.7709 	 73.2340 2.2695 	 84.1960 1.6426 	 152.5640 3.9250 	 296.6600 4.8945 	 296.5400 4.9685 
6 	 75.3120 1.5803 	 73.6100 2.0748 	 82.9660 1.3819 	 151.3680 3.2789 	 290.1960 4.5031 	 289.9440 4.3618 
7 	 78.5900 1.9110 	 74.3480 2.0865 	 86.5780 1.6757 	 152.9240 4.0823 	 304.0920 4.8110 	 303.2920 4.8960 
8 	 81.6500 1.6979 	 73.2200 2.1327 	 89.6160 1.4773 	 158.2760 3.5243 	 307.7680 4.6436 	 306.9880 4.7381 
9 	 77.1740 1.7734 	 73.4980 1.9402 	 84.6740 1.6155 	 154.0160 4.0390 	 284.0440 4.9859 	 283.8760 4.9153 
10 	 84.3820 1.4986 	 73.0740 2.1566 	 91.3080 1.2644 	 164.2480 3.9195 	 317.0000 4.1672 	 316.5840 4.1842 
11 	 75.3720 1.7051 	 72.8480 2.2429 	 82.8780 1.5881 	 151.6240 3.8643 	 286.2280 5.0029 	 286.0800 5.1184 
12 	 86.5260 1.5514 	 73.2220 2.1789 	 93.1880 1.1956 	 166.6760 3.6403 	 323.7840 4.4362 	 323.2560 4.3500 
13 	 78.3940 1.8945 	 72.8920 2.3205 	 86.2620 1.6732 	 157.7240 3.7332 	 293.5920 4.1398 	 293.5360 4.0569 
14 	 73.0760 1.7544 	 72.9520 2.3768 	 80.4940 1.8009 	 144.6640 3.6591 	 279.7080 5.1149 	 279.5320 5.0241 
15 	 80.6480 1.6875 	 73.0460 2.4331 	 88.1660 1.5109 	 157.2160 4.3795 	 310.6000 4.3624 	 310.3280 4.3527 
16 	 85.0560 1.4177 	 73.2780 2.1194 	 91.8340 1.2014 	 164.8480 3.6512 	 314.3840 4.8761 	 313.9760 5.0526 
17 	 79.3460 1.6068 	 72.9020 2.1814 	 87.0460 1.4179 	 158.4400 3.6335 	 301.5640 3.8071 	 301.3600 3.7682 
18 	 77.3060 1.7633 	 73.2880 2.2359 	 84.7880 1.5964 	 155.0320 3.7343 	 288.2640 4.3959 	 288.2800 4.5038 
19 	 76.9460 1.6428 	 73.2720 2.0881 	 84.5980 1.4819 	 153.2880 3.4772 	 288.6000 5.0409 	 288.3680 5.0207 
20 	 80.3620 1.5371 	 73.1860 2.3244 	 87.4460 1.2820 	 159.0200 3.8716 	 299.4760 4.8063 	 299.2640 4.8718 
21 	 79.7680 1.4920 	 74.4520 2.0522 	 87.5940 1.4072 	 156.9440 3.4379 	 308.9880 4.5648 	 308.4160 4.5451 
22 	 77.4020 1.4277 	 73.3120 2.2580 	 85.2700 1.2650 	 157.6480 3.4914 	 294.2760 4.5035 	 294.0200 4.5106 
23 	 72.9160 1.8242 	 73.8620 2.0459 	 80.2860 1.6710 	 143.8160 3.6255 	 288.0760 5.1513 	 287.8120 5.1953 
24 	 76.2780 1.4999 	 73.2100 2.1332 	 83.9180 1.3921 	 151.6160 3.5194 	 294.7760 4.1091 	 294.5800 4.1341 
25 	 74.2400 1.6025 	 72.9440 1.8515 	 82.0680 1.4157 	 153.0440 3.3596 	 283.4000 4.3653 	 283.3920 4.3945 
26 	 81.7460 1.7974 	 73.4220 2.1089 	 89.0980 1.4052 	 160.4040 3.8365 	 303.0400 4.7963 	 302.4800 4.9459 
27 	 80.8360 1.5963 	 74.1120 2.0496 	 88.7360 1.4352 	 161.3440 3.6676 	 303.2520 4.8311 	 303.0080 4.8320 
28 	 68.4040 1.5642 	 72.5000 2.4083 	 75.8580 1.5251 	 140.0240 3.7129 	 268.8800 4.6037 	 269.1000 4.6576 
29 	 81.3660 1.8927 	 73.2340 2.1966 	 89.8000 1.7230 	 157.6720 4.5242 	 303.3200 4.8634 	 302.6440 5.0685 
30 	 68.3620 1.7206 	 73.4780 2.0878 	 76.1140 1.5653 	 140.5520 3.4745 	 273.6320 4.5825 	 274.6160 4.7405 
31 	 88.1620 1.5009 	 74.4800 2.2162 	 94.1060 1.1657 	 167.6680 3.5646 	 328.1000 4.0311 	 327.5400 4.0722 
32 	 78.4760 1.7555 	 73.4220 2.2994 	 86.0180 1.5712 	 154.8800 4.1964 	 301.5960 4.7890 	 301.1800 4.9274 
33 	 79.6960 1.6252 	 72.7560 2.2148 	 87.2640 1.1976 	 159.0840 3.9440 	 299.9840 4.6827 	 299.5880 4.6053 
34 	 79.6220 1.6458 	 72.9060 2.2783 	 87.1300 1.4390 	 156.5880 3.7860 	 303.1240 3.9507 	 302.7320 3.9627 
35 	 75.6900 1.6606 	 72.4140 2.5456 	 83.7660 1.5781 	 154.7840 4.0728 	 290.9720 4.6343 	 290.8920 4.4982 
36 	 71.9080 1.9847 	 71.3200 2.2087 	 79.0700 1.6311 	 143.7680 4.0821 	 276.7480 4.6961 	 276.7720 4.7977 
37 	 80.2060 1.6449 	 72.9040 2.1117 	 88.1500 1.3913 	 156.4600 3.6263 	 308.7400 4.5665 	 308.0920 4.5539 
38 	 75.7360 1.5883 	 72.6900 2.5780 	 83.9080 1.3616 	 155.0400 3.8396 	 291.1320 4.1398 	 291.0120 4.0845 
39 	 77.5560 1.6304 	 73.4880 1.9769 	 84.8760 1.3791 	 155.2480 3.8607 	 288.6680 4.9740 	 288.6600 4.8614 
40 	 84.2840 1.8084 	 74.9880 1.9282 	 91.3940 1.4098 	 160.8520 3.9560 	 312.1720 4.7765 	 311.3320 4.7862 
41 	 78.5180 1.7914 	 74.4300 2.2368 	 85.9200 1.4134 	 157.0360 3.9919 	 291.3280 4.8702 	 291.2600 4.6863 
42 	 71.0200 1.6545 	 74.0720 2.0582 	 78.2220 1.7034 	 142.6840 3.5796 	 273.2080 4.6996 	 273.6040 4.7279 
43 	 77.5960 1.7997 	 74.6460 2.1390 	 84.7860 1.3325 	 152.6080 3.6076 	 296.2200 3.7534 	 295.9200 3.8685 
44 	 77.0380 1.7204 	 74.4160 2.2661 	 84.2420 1.5599 	 154.8520 3.5271 	 286.8040 4.2311 	 287.3680 4.4091 
45 	 77.6060 1.5022 	 73.2240 2.0218 	 85.2480 1.2777 	 155.8440 3.6078 	 295.5320 5.2438 	 295.2280 5.3352 
