Task 	 PA 	 PA_NV 	 PA_SL 	 HetOTL 	 HetOTL_SL 	 OTLHS 
1 	 37.8300 1.6422 	 42.0860 1.5158 	 37.5020 1.6447 	 39.6620 1.8094 	 36.1080 1.8040 	 36.1800 1.8386 
2 	 27.5600 1.2937 	 38.1300 1.0512 	 26.4940 1.1584 	 28.3100 1.2997 	 24.7860 1.3012 	 24.9320 1.3541 
3 	 38.2820 1.8077 	 43.5740 1.3570 	 37.3380 1.6237 	 36.9280 1.7257 	 33.1140 1.6914 	 33.1780 1.6923 
4 	 41.6700 1.7402 	 47.5700 1.4886 	 41.1580 1.7464 	 42.6800 1.6248 	 38.6820 1.7868 	 38.7020 1.7872 
5 	 32.7200 1.5106 	 42.5060 1.2314 	 31.6120 1.3543 	 34.1060 1.6476 	 30.4020 1.4524 	 30.4920 1.4742 
6 	 30.8020 1.4336 	 38.0040 1.4236 	 29.8120 1.2394 	 31.2200 1.5315 	 28.0040 1.5170 	 28.0380 1.5292 
7 	 40.0800 1.8344 	 43.6620 1.3122 	 38.5360 1.5400 	 39.7680 1.7086 	 38.3600 1.7837 	 38.4700 1.7871 
8 	 42.8920 2.0071 	 46.4940 1.3213 	 41.6060 1.8655 	 41.7020 1.8156 	 39.3080 1.7680 	 39.3360 1.8115 
9 	 33.1300 1.4876 	 41.5500 1.2135 	 31.9340 1.4774 	 33.5360 1.5911 	 29.5780 1.4105 	 29.6560 1.4445 
10 	 39.9160 1.8574 	 45.3880 1.5946 	 39.3640 1.5496 	 40.2980 1.6353 	 38.2540 1.7592 	 38.3520 1.7830 
11 	 30.7380 1.4855 	 43.2280 1.2368 	 29.7780 1.4298 	 32.2280 1.3306 	 28.5460 1.4619 	 28.6160 1.4624 
12 	 41.7140 1.9036 	 44.5340 1.4864 	 41.2820 1.7125 	 40.8200 1.8298 	 38.4620 1.8164 	 38.5000 1.7826 
13 	 31.0260 1.5212 	 47.0160 1.1812 	 30.6800 1.5154 	 32.9920 1.6023 	 28.8340 1.5526 	 28.8440 1.5548 
14 	 29.9400 1.3652 	 41.4280 1.3058 	 28.8080 1.4307 	 31.6860 1.6074 	 27.5120 1.4294 	 27.5900 1.3939 
15 	 35.2060 1.6919 	 45.4720 1.1154 	 34.5260 1.3703 	 35.6300 1.5749 	 31.5580 1.8775 	 31.5700 1.8778 
16 	 41.2500 1.8500 	 47.0240 1.4389 	 40.5520 1.7040 	 42.8800 1.8841 	 38.9360 1.6786 	 38.9560 1.6618 
17 	 32.7180 1.4056 	 43.6280 1.4556 	 32.0740 1.3706 	 34.4840 1.8399 	 31.0020 1.5035 	 31.0420 1.5435 
18 	 30.7460 1.5492 	 45.1540 1.3730 	 30.1820 1.3306 	 32.8540 1.3800 	 28.0300 1.5251 	 28.1040 1.5153 
19 	 30.3200 1.4553 	 42.2920 1.1667 	 29.7580 1.2444 	 31.7300 1.4057 	 28.1980 1.5897 	 28.2460 1.5745 
20 	 34.3780 1.4469 	 41.9320 1.2218 	 33.8380 1.3794 	 35.3720 1.3984 	 31.8740 1.7251 	 31.8980 1.7236 
21 	 35.4500 1.5563 	 45.1760 1.4529 	 34.6960 1.4770 	 36.6520 1.5363 	 35.3340 1.7570 	 35.3160 1.7526 
22 	 28.8300 1.3793 	 37.5060 1.2370 	 28.5140 1.2846 	 29.6880 1.3280 	 26.3180 1.6056 	 26.3380 1.6027 
23 	 31.2300 1.3988 	 41.2600 1.0124 	 29.6660 1.2476 	 31.2680 1.4375 	 30.5080 1.5352 	 30.5300 1.5537 
24 	 32.1240 1.5489 	 41.1860 1.0751 	 31.0720 1.4172 	 31.4580 1.3264 	 28.4200 1.3643 	 28.4620 1.3676 
25 	 26.7080 1.1555 	 41.2360 1.2248 	 25.9220 1.2501 	 28.7120 1.4359 	 24.3900 1.5046 	 24.4280 1.4896 
26 	 38.0100 1.5859 	 43.2360 1.4040 	 37.0880 1.5695 	 37.8960 1.7017 	 34.9820 1.4542 	 35.0020 1.4654 
27 	 33.5320 1.6278 	 44.8100 1.3047 	 32.7540 1.4439 	 35.1760 1.5380 	 31.7740 1.7486 	 31.8100 1.7213 
28 	 24.8180 1.3892 	 33.0520 1.0964 	 23.8340 1.2250 	 24.9160 1.0981 	 21.3260 1.1901 	 21.3680 1.2009 
29 	 41.8860 1.7591 	 47.3980 1.3611 	 40.8520 1.8168 	 40.6680 1.7932 	 37.3560 1.7372 	 37.4720 1.7582 
30 	 26.5680 1.4704 	 41.5740 1.1958 	 25.5460 1.3405 	 27.2560 1.4727 	 24.2240 1.5521 	 24.2940 1.5472 
31 	 45.4900 2.0415 	 44.9160 1.5398 	 44.9420 2.0053 	 45.3940 1.8921 	 42.6600 1.9583 	 42.7280 1.9402 
32 	 34.7660 1.6038 	 46.7540 1.3502 	 33.7920 1.4400 	 36.1800 1.5132 	 32.6420 1.8329 	 32.6720 1.8194 
33 	 31.9740 1.5798 	 42.6300 1.4066 	 31.3440 1.4551 	 33.7480 1.7022 	 30.5800 1.7525 	 30.5800 1.7295 
34 	 37.6620 1.6862 	 47.2080 1.2974 	 36.5320 1.5978 	 38.5960 1.6987 	 36.6580 1.8047 	 36.7340 1.8593 
35 	 26.7340 1.3086 	 39.0800 1.4318 	 26.2540 1.3119 	 29.6100 1.3678 	 26.4200 1.6084 	 26.4520 1.6112 
36 	 32.2180 1.4259 	 39.7160 1.2993 	 30.4260 1.3788 	 32.1800 1.3356 	 30.9780 1.6168 	 31.0820 1.5985 
37 	 39.0520 1.8739 	 46.5160 1.5980 	 37.8480 1.7158 	 38.9420 1.5464 	 36.7280 1.8474 	 36.7160 1.8454 
38 	 27.7760 1.4873 	 40.9700 1.2847 	 27.1960 1.3935 	 29.6640 1.4958 	 25.9920 1.5583 	 25.9920 1.5492 
39 	 30.9240 1.5410 	 42.3800 1.3201 	 29.9220 1.3818 	 32.8720 1.4095 	 29.6100 1.5083 	 29.6660 1.4907 
40 	 43.6700 1.8568 	 48.8480 1.4005 	 42.5360 1.7906 	 45.1960 1.7466 	 43.2520 1.8633 	 43.2940 1.9064 
41 	 32.0400 1.5098 	 39.3280 1.3062 	 31.2200 1.5451 	 32.0380 1.4015 	 29.7780 1.6685 	 29.8400 1.6576 
42 	 29.7740 1.4090 	 38.0640 1.2716 	 28.2360 1.2212 	 30.3200 1.5058 	 28.0300 1.5968 	 28.1500 1.5767 
43 	 35.7700 1.4097 	 42.5720 1.2569 	 34.3780 1.3248 	 35.6120 1.5117 	 33.2260 1.7763 	 33.2920 1.7264 
44 	 31.3100 1.5270 	 42.1260 1.2995 	 30.2240 1.4618 	 32.3760 1.4851 	 29.1700 1.5054 	 29.2060 1.5073 
45 	 33.2760 1.6065 	 43.4600 1.3500 	 32.3000 1.4582 	 34.5740 1.6550 	 31.3980 1.7860 	 31.3840 1.8088 
