Task 	 PA 	 PA_NV 	 PA_SL 	 HetOTL 	 HetOTL_SL 	 OTLHS 
1 	 37.8300 1.6422 	 40.4760 1.7791 	 37.5120 1.6456 	 39.6460 1.8173 	 36.0800 1.7949 	 36.1240 1.8119 
2 	 27.5600 1.2937 	 34.0240 1.4689 	 26.4960 1.1681 	 28.3000 1.3112 	 24.7920 1.2989 	 24.9220 1.3689 
3 	 38.2820 1.8077 	 35.8440 1.8823 	 37.3400 1.6422 	 36.9040 1.7278 	 33.0980 1.7010 	 33.1620 1.6882 
4 	 41.6700 1.7402 	 43.2300 1.8730 	 41.1600 1.7354 	 42.6680 1.6154 	 38.6440 1.7596 	 38.6400 1.7762 
5 	 32.7200 1.5106 	 39.8900 1.7238 	 31.6140 1.3470 	 34.0920 1.6586 	 30.4020 1.4502 	 30.5020 1.4577 
6 	 30.8020 1.4336 	 34.6000 1.5192 	 29.8080 1.2410 	 31.1960 1.5263 	 28.0000 1.5202 	 28.0360 1.5293 
7 	 40.0800 1.8344 	 42.6480 1.5932 	 38.5360 1.5439 	 39.7680 1.7086 	 38.3600 1.8024 	 38.4560 1.8055 
8 	 42.8920 2.0071 	 40.0620 1.4933 	 41.6040 1.8651 	 41.6840 1.7984 	 39.3120 1.7740 	 39.3380 1.8148 
9 	 33.1300 1.4876 	 36.9440 1.5710 	 31.9420 1.4742 	 33.5340 1.5871 	 29.5620 1.4187 	 29.6380 1.4348 
10 	 39.9160 1.8574 	 42.0000 2.0660 	 39.3620 1.5504 	 40.2960 1.6227 	 38.1660 1.7974 	 38.2480 1.7841 
11 	 30.7380 1.4855 	 36.8140 1.8676 	 29.7680 1.4399 	 32.2260 1.3405 	 28.5280 1.4737 	 28.6080 1.5069 
12 	 41.7140 1.9036 	 41.1400 1.5336 	 41.2780 1.7272 	 40.8760 1.8464 	 38.4140 1.7703 	 38.4840 1.7438 
13 	 31.0260 1.5212 	 40.0060 1.8203 	 30.6780 1.5223 	 33.0120 1.5660 	 28.8100 1.5315 	 28.8040 1.5348 
14 	 29.9400 1.3652 	 34.9940 1.7959 	 28.8020 1.4280 	 31.7040 1.5821 	 27.4720 1.4101 	 27.5560 1.3971 
15 	 35.2060 1.6919 	 35.5000 1.5241 	 34.5340 1.3754 	 35.5740 1.5966 	 31.5000 1.9064 	 31.5580 1.9398 
16 	 41.2500 1.8500 	 43.7540 1.6433 	 40.5440 1.7096 	 42.8340 1.8967 	 38.9120 1.6501 	 38.8820 1.6397 
17 	 32.7180 1.4056 	 36.9900 1.7337 	 32.0800 1.3710 	 34.4480 1.8280 	 30.9400 1.5003 	 31.0040 1.5337 
18 	 30.7460 1.5492 	 37.2620 1.7185 	 30.1880 1.3342 	 32.8160 1.3543 	 28.0520 1.4949 	 28.1240 1.5324 
19 	 30.3200 1.4553 	 34.1400 1.6344 	 29.7520 1.2479 	 31.6740 1.3963 	 28.1800 1.5675 	 28.2140 1.5383 
20 	 34.3780 1.4469 	 41.7960 1.8180 	 33.8480 1.3886 	 35.3540 1.3963 	 31.8480 1.7089 	 31.8900 1.7123 
21 	 35.4500 1.5563 	 42.5260 1.6744 	 34.6980 1.4759 	 36.6520 1.5363 	 35.3400 1.7518 	 35.3140 1.7374 
22 	 28.8300 1.3793 	 38.1280 1.5538 	 28.5120 1.2831 	 29.6680 1.3151 	 26.3160 1.6121 	 26.3380 1.6055 
23 	 31.2300 1.3988 	 38.6020 1.3872 	 29.6660 1.2524 	 31.2680 1.4375 	 30.5020 1.5304 	 30.5160 1.5495 
24 	 32.1240 1.5489 	 36.7660 1.6813 	 31.0780 1.4153 	 31.4480 1.3334 	 28.4260 1.3670 	 28.4620 1.3838 
25 	 26.7080 1.1555 	 38.1780 1.6793 	 25.9260 1.2549 	 28.7180 1.4321 	 24.3460 1.4993 	 24.3800 1.4865 
26 	 38.0100 1.5859 	 41.4420 1.9895 	 37.0860 1.5731 	 37.8900 1.6940 	 34.9640 1.4601 	 34.9900 1.4563 
27 	 33.5320 1.6278 	 39.1720 1.7301 	 32.7520 1.4378 	 35.1540 1.5390 	 31.7600 1.7549 	 31.7940 1.7299 
28 	 24.8180 1.3892 	 29.0180 1.4366 	 23.8360 1.2248 	 24.9120 1.0933 	 21.2940 1.1924 	 21.3300 1.2032 
29 	 41.8860 1.7591 	 39.4800 1.8464 	 40.8600 1.8185 	 40.6540 1.7949 	 37.3380 1.7340 	 37.4440 1.7428 
30 	 26.5680 1.4704 	 31.2020 1.5156 	 25.5400 1.3416 	 27.2560 1.4771 	 24.1860 1.5446 	 24.2540 1.5424 
31 	 45.4900 2.0415 	 42.8680 2.0603 	 44.9440 2.0167 	 45.3600 1.8813 	 42.6280 1.9179 	 42.6840 1.9072 
32 	 34.7660 1.6038 	 36.3520 1.7748 	 33.7940 1.4390 	 36.1960 1.5481 	 32.6500 1.8417 	 32.6660 1.8385 
33 	 31.9740 1.5798 	 39.9100 1.8500 	 31.3380 1.4588 	 33.7500 1.6993 	 30.5300 1.7504 	 30.5380 1.7541 
34 	 37.6620 1.6862 	 41.7720 1.8929 	 36.5320 1.5988 	 38.5800 1.6955 	 36.6480 1.8140 	 36.7320 1.8572 
35 	 26.7340 1.3086 	 37.2100 1.7201 	 26.2520 1.3081 	 29.6240 1.3793 	 26.3980 1.6062 	 26.4260 1.5971 
36 	 32.2180 1.4259 	 34.2220 1.4741 	 30.4260 1.3712 	 32.1840 1.3134 	 30.9840 1.6361 	 31.0780 1.6093 
37 	 39.0520 1.8739 	 37.9540 1.6480 	 37.8500 1.7168 	 38.9380 1.5434 	 36.7200 1.8341 	 36.6960 1.8360 
38 	 27.7760 1.4873 	 33.8200 1.4161 	 27.1900 1.3971 	 29.6440 1.4911 	 25.9640 1.5317 	 25.9640 1.5155 
39 	 30.9240 1.5410 	 39.8660 1.9874 	 29.9160 1.3874 	 32.8640 1.4159 	 29.5980 1.5188 	 29.6280 1.4937 
40 	 43.6700 1.8568 	 48.3020 1.8004 	 42.5340 1.7891 	 45.1920 1.7382 	 43.2480 1.8749 	 43.2940 1.9356 
41 	 32.0400 1.5098 	 37.9660 1.5500 	 31.2200 1.5425 	 32.0260 1.3948 	 29.7880 1.6726 	 29.8280 1.6624 
42 	 29.7740 1.4090 	 34.3120 1.9131 	 28.2380 1.2252 	 30.3020 1.5062 	 28.0140 1.5815 	 28.1300 1.5752 
43 	 35.7700 1.4097 	 37.3380 1.4773 	 34.3800 1.3329 	 35.5900 1.5043 	 33.1840 1.7697 	 33.2580 1.7109 
44 	 31.3100 1.5270 	 38.9640 1.6737 	 30.2220 1.4650 	 32.3760 1.4684 	 29.1760 1.4994 	 29.1900 1.5142 
45 	 33.2760 1.6065 	 37.8240 1.7348 	 32.3040 1.4488 	 34.5780 1.6709 	 31.3860 1.7959 	 31.3760 1.8140 
