Task 	 PA 	 PA_NV 	 PA_SL 	 HetOTL 	 HetOTL_SL 	 OTLHS 
1 	 84.7820 1.5565 	 80.0360 1.3667 	 91.3580 1.1113 	 177.0360 2.6141 	 354.9160 3.5415 	 354.9520 3.5499 
2 	 70.9400 1.8378 	 68.8780 0.9635 	 77.5960 1.6181 	 151.7600 3.1527 	 303.2120 4.5563 	 303.2400 4.6479 
3 	 82.4800 1.6146 	 77.3140 1.5144 	 88.8740 1.4508 	 171.0360 2.6673 	 344.0680 3.9377 	 343.9560 3.9862 
4 	 86.6420 1.4040 	 80.1340 1.3586 	 92.7980 1.1415 	 179.9680 2.3370 	 356.2720 3.2241 	 356.2000 3.2013 
5 	 76.7180 1.7709 	 76.1620 1.4605 	 83.5860 1.5792 	 163.3640 2.8733 	 332.8200 3.9600 	 332.8000 3.9935 
6 	 75.3120 1.5803 	 84.3480 1.3097 	 82.4240 1.4045 	 163.0400 2.7117 	 325.8280 3.9587 	 325.8120 3.9350 
7 	 78.5900 1.9110 	 76.9540 1.4102 	 86.0680 1.7896 	 167.7720 2.8683 	 351.1400 3.5557 	 351.1120 3.5412 
8 	 81.6500 1.6979 	 80.3460 1.3345 	 89.2000 1.5419 	 174.0080 3.0303 	 353.3120 3.7790 	 353.2160 3.8265 
9 	 77.1740 1.7734 	 79.0180 1.3559 	 84.1320 1.5825 	 165.8800 3.0365 	 320.5520 3.8302 	 320.6480 3.8235 
10 	 84.3820 1.4986 	 76.1220 1.4508 	 90.8440 1.2973 	 170.6920 2.9117 	 351.8600 3.4420 	 351.8440 3.3979 
11 	 75.3720 1.7051 	 73.1820 1.1814 	 82.3100 1.6326 	 161.3920 3.3695 	 322.5920 3.8064 	 322.5720 3.8072 
12 	 86.5260 1.5514 	 85.2960 1.3425 	 92.7140 1.2095 	 179.4400 2.4834 	 363.8920 3.4338 	 363.8680 3.4695 
13 	 78.3940 1.8945 	 74.5840 1.3226 	 85.6960 1.6768 	 167.7640 2.7088 	 330.4520 3.8285 	 330.4160 3.9294 
14 	 73.0760 1.7544 	 68.1460 1.4672 	 79.9000 1.8325 	 156.1640 3.4254 	 314.6720 4.6834 	 314.7120 4.7603 
15 	 80.6480 1.6875 	 76.0240 1.2717 	 87.6480 1.5112 	 168.0320 2.8697 	 343.9240 3.8201 	 343.9040 3.7498 
16 	 85.0560 1.4177 	 82.2980 1.1954 	 91.2740 1.2948 	 177.7760 2.5624 	 356.2960 4.0969 	 356.1760 4.1551 
17 	 79.3460 1.6068 	 71.6300 1.4552 	 86.5200 1.3923 	 167.5320 3.1619 	 335.9680 3.4795 	 336.0240 3.4680 
18 	 77.3060 1.7633 	 74.6240 1.3304 	 84.2120 1.5465 	 165.9240 2.7845 	 322.9000 4.4245 	 322.9160 4.4325 
19 	 76.9460 1.6428 	 82.5940 1.2991 	 84.0740 1.4917 	 170.0920 2.6146 	 334.7160 3.8724 	 334.6840 3.8477 
20 	 80.3620 1.5371 	 76.2100 1.4725 	 86.9440 1.3598 	 168.1080 2.5278 	 334.5320 4.0510 	 334.4320 4.0886 
21 	 79.7680 1.4920 	 79.2600 1.3386 	 86.9440 1.4785 	 170.7160 2.8417 	 354.7400 3.7624 	 354.6960 3.7405 
22 	 77.4020 1.4277 	 81.6600 0.8983 	 84.6660 1.3064 	 170.4040 2.5454 	 334.4360 3.3317 	 334.4000 3.3452 
23 	 72.9160 1.8242 	 72.7560 1.1394 	 79.5880 1.6185 	 158.3160 3.0539 	 335.4800 4.1885 	 335.4160 4.2721 
24 	 76.2780 1.4999 	 77.6740 1.2731 	 83.3640 1.4364 	 165.3640 3.0617 	 334.7520 3.9795 	 334.7880 3.9746 
25 	 74.2400 1.6025 	 78.9500 1.0755 	 81.4100 1.4772 	 164.6600 2.7239 	 317.4800 4.2604 	 317.5000 4.3277 
26 	 81.7460 1.7974 	 76.7340 1.4051 	 88.5800 1.4238 	 173.0720 2.9305 	 344.3520 3.7512 	 344.2760 3.7792 
27 	 80.8360 1.5963 	 78.8040 1.3333 	 88.1660 1.3874 	 175.7160 2.5535 	 344.3560 4.0553 	 344.2800 3.9771 
28 	 68.4040 1.5642 	 75.4060 1.2988 	 75.2500 1.5548 	 151.9640 3.2868 	 305.6520 4.5531 	 305.8960 4.4333 
29 	 81.3660 1.8927 	 79.1300 1.4057 	 89.3560 1.6927 	 172.7320 2.9553 	 344.2680 4.1261 	 344.1560 4.1956 
30 	 68.3620 1.7206 	 76.2660 1.2640 	 75.4920 1.5317 	 152.7440 2.9012 	 310.4920 4.2640 	 311.1120 4.2277 
31 	 88.1620 1.5009 	 84.8500 1.1453 	 93.7060 1.2448 	 184.8920 2.4950 	 368.1160 3.2656 	 368.1040 3.2983 
32 	 78.4760 1.7555 	 81.8800 1.2655 	 85.4740 1.5081 	 172.2800 2.8418 	 342.0880 3.8788 	 341.9440 3.7901 
33 	 79.6960 1.6252 	 74.2640 1.5458 	 86.7480 1.2129 	 168.0000 2.9195 	 339.0560 4.1388 	 339.0960 4.1420 
34 	 79.6220 1.6458 	 76.1560 1.2399 	 86.5680 1.4641 	 170.3240 2.7932 	 348.4360 3.9980 	 348.5080 3.8926 
35 	 75.6900 1.6606 	 80.4720 1.1577 	 83.1420 1.5996 	 166.4400 2.8401 	 331.3640 4.2950 	 331.3040 4.2540 
36 	 71.9080 1.9847 	 67.9680 1.5593 	 78.6240 1.7189 	 153.9920 3.7523 	 318.8880 5.1044 	 319.2560 5.0807 
37 	 80.2060 1.6449 	 76.0920 1.5869 	 87.5820 1.3900 	 169.8200 3.0316 	 351.7760 3.7291 	 351.7160 3.7170 
38 	 75.7360 1.5883 	 74.8160 1.2775 	 83.2440 1.3462 	 164.0800 3.1104 	 325.7600 3.7364 	 325.7880 3.6574 
39 	 77.5560 1.6304 	 74.8180 1.3657 	 84.2060 1.3936 	 165.4640 2.5949 	 324.8080 4.0593 	 324.8720 4.0956 
40 	 84.2840 1.8084 	 83.5400 1.3614 	 91.0000 1.4902 	 179.2840 2.6370 	 360.3600 3.8549 	 360.3480 3.8504 
41 	 78.5180 1.7914 	 83.7380 1.0521 	 85.2060 1.4560 	 172.6960 2.4935 	 335.1360 4.1486 	 335.1680 4.0989 
42 	 71.0200 1.6545 	 72.4960 1.2784 	 77.7080 1.7323 	 156.5320 3.1057 	 314.9240 4.2854 	 315.1200 4.3145 
43 	 77.5960 1.7997 	 78.8040 1.1445 	 84.2000 1.3333 	 166.5600 2.8432 	 336.1560 3.7259 	 336.2200 3.7919 
44 	 77.0380 1.7204 	 80.1800 1.2425 	 83.5840 1.5951 	 167.7880 2.8729 	 324.0640 4.4791 	 324.4600 4.4376 
45 	 77.6060 1.5022 	 74.6140 1.2720 	 84.6800 1.2177 	 166.8800 2.8341 	 332.5920 3.6419 	 332.5360 3.6396 
