Task 	 PA 	 PA_NV 	 PA_SL 	 HetOTL 	 HetOTL_SL 	 OTLHS 
1 	 84.7820 1.5565 	 80.2680 1.7334 	 90.6720 1.1308 	 168.1640 3.0090 	 287.4160 5.0065 	 287.8160 4.9018 
2 	 70.9400 1.8378 	 73.8560 1.4964 	 76.6000 1.5624 	 144.2680 3.3428 	 262.6280 4.2542 	 263.1760 4.3462 
3 	 82.4800 1.6146 	 79.4260 1.4003 	 88.1340 1.4335 	 162.7080 3.4258 	 286.9800 4.8527 	 287.3240 4.7392 
4 	 86.6420 1.4040 	 82.8020 1.4356 	 92.2260 1.2373 	 172.3080 2.8972 	 301.3280 4.3968 	 301.9840 4.2852 
5 	 76.7180 1.7709 	 78.6260 1.4244 	 82.6700 1.5019 	 157.0440 3.0700 	 284.2920 4.3328 	 284.7480 4.4787 
6 	 75.3120 1.5803 	 75.0240 1.5174 	 81.3300 1.3997 	 148.7200 3.1547 	 254.4480 4.7893 	 255.5320 4.6921 
7 	 78.5900 1.9110 	 82.1020 1.3256 	 85.5540 1.7656 	 164.5200 2.8965 	 322.7040 3.9229 	 322.8160 3.9084 
8 	 81.6500 1.6979 	 82.0560 1.4642 	 88.6640 1.5701 	 168.3160 2.9789 	 313.0680 4.4086 	 313.0440 4.4665 
9 	 77.1740 1.7734 	 78.7940 1.5999 	 83.2180 1.6231 	 157.6640 3.2350 	 274.6680 4.2629 	 275.0360 4.5444 
10 	 84.3820 1.4986 	 77.3500 1.7278 	 90.3080 1.3521 	 165.5960 3.2259 	 297.6440 4.8365 	 298.0120 5.0454 
11 	 75.3720 1.7051 	 76.2780 1.5234 	 81.3140 1.6291 	 154.0400 3.0333 	 274.8520 3.8319 	 274.9200 3.9682 
12 	 86.5260 1.5514 	 80.9620 1.6501 	 92.1660 1.2633 	 168.8840 3.2368 	 301.7200 5.1220 	 302.7320 5.1424 
13 	 78.3940 1.8945 	 80.4680 1.6251 	 85.0240 1.7196 	 164.0000 3.0410 	 300.3320 4.0081 	 300.3960 4.1598 
14 	 73.0760 1.7544 	 75.4240 1.4919 	 78.9560 1.7991 	 151.0960 3.4025 	 278.5360 4.5134 	 278.4960 4.4633 
15 	 80.6480 1.6875 	 77.2940 1.5375 	 86.9360 1.5570 	 159.3280 2.8494 	 294.1280 4.5479 	 294.3480 4.4505 
16 	 85.0560 1.4177 	 83.4120 1.4688 	 90.7580 1.3225 	 171.5160 2.6117 	 310.1680 4.4789 	 310.2320 4.5852 
17 	 79.3460 1.6068 	 77.4580 1.8329 	 85.8660 1.3175 	 162.4400 3.3319 	 303.4960 3.6010 	 303.5680 3.6425 
18 	 77.3060 1.7633 	 78.3860 1.3973 	 83.5180 1.5301 	 159.6240 3.1160 	 287.4760 4.3472 	 287.5000 4.3386 
19 	 76.9460 1.6428 	 78.5920 1.7279 	 83.0920 1.4328 	 154.5440 3.3324 	 265.5640 4.7093 	 266.1560 4.6345 
20 	 80.3620 1.5371 	 79.2160 1.4138 	 86.2880 1.4231 	 162.6640 2.7761 	 292.9560 4.5025 	 293.0400 4.5291 
21 	 79.7680 1.4920 	 83.1960 1.2946 	 86.4560 1.4799 	 166.7800 3.3819 	 323.0440 4.3858 	 323.0200 4.3449 
22 	 77.4020 1.4277 	 77.6420 1.4063 	 83.8500 1.3437 	 154.0680 2.9950 	 257.4440 4.5600 	 258.4720 4.5782 
23 	 72.9160 1.8242 	 79.6260 1.3041 	 79.0940 1.6535 	 154.9080 3.1124 	 315.4080 4.3875 	 315.4080 4.3001 
24 	 76.2780 1.4999 	 78.6580 1.5937 	 82.5700 1.4234 	 155.8960 3.2539 	 285.8000 4.2490 	 285.9160 4.4503 
25 	 74.2400 1.6025 	 78.5580 1.4557 	 80.6080 1.4388 	 153.2720 3.4859 	 265.9720 4.7920 	 266.1640 4.8709 
26 	 81.7460 1.7974 	 82.7100 1.5986 	 88.1500 1.4051 	 170.2760 2.8305 	 323.9240 4.3901 	 323.8440 4.3917 
27 	 80.8360 1.5963 	 84.0120 1.4444 	 87.6440 1.4235 	 171.0000 2.6487 	 315.3160 4.3553 	 315.4120 4.3701 
28 	 68.4040 1.5642 	 66.8340 1.5630 	 73.9380 1.5196 	 133.0640 3.8766 	 228.9240 5.0544 	 230.2560 5.2575 
29 	 81.3660 1.8927 	 79.5400 1.5428 	 88.7820 1.6954 	 164.9720 2.8206 	 300.1320 4.3302 	 300.4880 4.3908 
30 	 68.3620 1.7206 	 74.5360 1.6273 	 74.4300 1.5083 	 143.0120 3.5242 	 260.9600 4.8990 	 261.2120 4.8826 
31 	 88.1620 1.5009 	 85.5700 1.7374 	 93.2960 1.2363 	 176.4520 2.6200 	 317.0880 4.7148 	 317.9280 4.9264 
32 	 78.4760 1.7555 	 81.6680 1.6588 	 84.6380 1.5339 	 159.2160 3.1949 	 287.1840 4.4835 	 287.4200 4.3827 
33 	 79.6960 1.6252 	 77.9900 1.6087 	 86.0620 1.2731 	 161.1920 3.3141 	 290.6480 4.7348 	 291.0440 4.6789 
34 	 79.6220 1.6458 	 80.9060 1.4513 	 85.9220 1.4964 	 165.0040 2.7204 	 313.6200 4.7419 	 313.8040 4.6186 
35 	 75.6900 1.6606 	 73.8920 1.7119 	 82.1180 1.6171 	 146.1720 3.2343 	 245.4720 5.2007 	 247.6160 5.4267 
36 	 71.9080 1.9847 	 74.5800 1.7090 	 77.9700 1.7485 	 150.8120 3.7800 	 300.1000 4.9175 	 300.3440 5.0414 
37 	 80.2060 1.6449 	 78.3820 1.8300 	 86.9000 1.3945 	 160.7920 3.2025 	 303.5120 4.2786 	 303.4880 4.2332 
38 	 75.7360 1.5883 	 75.1260 1.6509 	 82.3800 1.2689 	 151.9080 3.1827 	 268.2680 4.6251 	 269.0440 4.7560 
39 	 77.5560 1.6304 	 78.4320 1.4663 	 83.4280 1.4678 	 159.4840 3.2423 	 285.5960 4.7439 	 286.1600 4.6192 
40 	 84.2840 1.8084 	 86.4060 1.2797 	 90.5700 1.4884 	 176.3160 2.5611 	 337.3920 4.1997 	 337.5160 4.2046 
41 	 78.5180 1.7914 	 80.9540 1.5213 	 84.4660 1.4417 	 160.8560 2.8642 	 277.9520 3.9864 	 278.3560 4.1084 
42 	 71.0200 1.6545 	 77.9400 1.4610 	 76.9660 1.7753 	 152.5440 3.4327 	 290.1320 4.7872 	 290.3840 4.7540 
43 	 77.5960 1.7997 	 80.8860 1.4367 	 83.5860 1.3810 	 160.9240 3.1263 	 306.8240 4.2870 	 307.0400 4.1487 
44 	 77.0380 1.7204 	 80.7940 1.4981 	 82.9300 1.5618 	 160.0160 3.1716 	 290.0320 4.8797 	 290.5880 4.9340 
45 	 77.6060 1.5022 	 79.8500 1.5190 	 84.0200 1.1757 	 162.5800 2.9881 	 305.2320 4.1762 	 305.1720 4.1555 
