Task 	 PA 	 PA_NV 	 PA_SL 	 HetOTL 	 HetOTL_SL 	 OTLHS 
1 	 37.8300 1.6422 	 40.3760 1.9689 	 37.5160 1.6330 	 37.2460 1.7493 	 33.0080 1.6404 	 33.0700 1.6945 
2 	 27.5600 1.2937 	 31.8760 1.3862 	 26.5300 1.2165 	 27.4440 1.3814 	 24.0640 1.0987 	 24.2200 1.1215 
3 	 38.2820 1.8077 	 35.4860 1.6508 	 37.3160 1.6561 	 34.2820 1.6248 	 30.5760 1.5591 	 30.6560 1.5758 
4 	 41.6700 1.7402 	 43.1080 1.7434 	 41.1500 1.7170 	 40.2720 1.6860 	 35.4680 1.5261 	 35.5100 1.4995 
5 	 32.7200 1.5106 	 37.7580 1.6099 	 31.5640 1.3249 	 32.4740 1.4966 	 28.9220 1.4116 	 29.0180 1.4028 
6 	 30.8020 1.4336 	 32.0600 1.3170 	 29.7920 1.2227 	 28.0980 1.2644 	 24.8080 1.2404 	 24.8520 1.2435 
7 	 40.0800 1.8344 	 42.5120 1.6751 	 38.5280 1.5320 	 38.9180 1.6463 	 36.8180 1.6830 	 36.8980 1.6826 
8 	 42.8920 2.0071 	 39.5360 1.7377 	 41.6320 1.8692 	 39.4440 1.6423 	 35.7740 1.6948 	 35.8360 1.6854 
9 	 33.1300 1.4876 	 34.9100 1.3814 	 31.9160 1.4504 	 31.5980 1.4249 	 27.4880 1.3410 	 27.4760 1.3519 
10 	 39.9160 1.8574 	 40.2820 1.7528 	 39.3960 1.5189 	 38.2760 1.6504 	 34.9020 1.6528 	 34.9420 1.6149 
11 	 30.7380 1.4855 	 33.7800 1.3395 	 29.7940 1.4649 	 30.1660 1.4411 	 26.1020 1.2366 	 26.1800 1.2551 
12 	 41.7140 1.9036 	 39.6640 1.5665 	 41.3560 1.7022 	 37.8260 1.7407 	 33.2860 1.4063 	 33.4000 1.4405 
13 	 31.0260 1.5212 	 38.2880 1.4970 	 30.6680 1.4665 	 32.3520 1.5658 	 28.9620 1.5629 	 28.9800 1.5595 
14 	 29.9400 1.3652 	 33.3580 1.5584 	 28.8200 1.4280 	 30.1360 1.4735 	 25.6100 1.5107 	 25.6600 1.5504 
15 	 35.2060 1.6919 	 34.0160 1.4688 	 34.5640 1.3974 	 32.5440 1.5789 	 27.7600 1.4730 	 27.7920 1.5398 
16 	 41.2500 1.8500 	 43.3800 1.9002 	 40.5420 1.7450 	 40.6380 1.8644 	 36.3980 1.4992 	 36.4360 1.5566 
17 	 32.7180 1.4056 	 37.4140 1.8515 	 32.0820 1.4131 	 33.0940 1.6696 	 29.5020 1.4881 	 29.5400 1.4649 
18 	 30.7460 1.5492 	 34.9900 1.6739 	 30.1480 1.3262 	 31.2260 1.2406 	 27.0040 1.3221 	 27.0520 1.2895 
19 	 30.3200 1.4553 	 32.6940 1.5027 	 29.7200 1.2697 	 28.1580 1.3634 	 24.1360 1.2517 	 24.2000 1.3175 
20 	 34.3780 1.4469 	 37.8260 1.7147 	 33.8780 1.4093 	 34.3640 1.5086 	 30.7780 1.4768 	 30.8020 1.5006 
21 	 35.4500 1.5563 	 39.6660 1.6925 	 34.7100 1.4378 	 35.1960 1.6668 	 32.6580 1.5000 	 32.6600 1.5188 
22 	 28.8300 1.3793 	 31.7520 1.3731 	 28.5840 1.2998 	 26.3820 1.2965 	 23.4200 1.0435 	 23.4840 1.0333 
23 	 31.2300 1.3988 	 36.7160 1.5144 	 29.6500 1.3087 	 30.5000 1.4049 	 28.4700 1.5185 	 28.4940 1.5033 
24 	 32.1240 1.5489 	 30.8480 1.3316 	 31.0680 1.4678 	 28.5040 1.3518 	 24.7860 1.2856 	 24.8220 1.2601 
25 	 26.7080 1.1555 	 32.6040 1.5515 	 25.9560 1.2069 	 26.6440 1.3396 	 23.2480 1.2460 	 23.2940 1.2692 
26 	 38.0100 1.5859 	 38.7920 1.6882 	 37.0700 1.5584 	 36.4480 1.8412 	 32.8420 1.5380 	 32.8800 1.5218 
27 	 33.5320 1.6278 	 37.7160 1.5886 	 32.8100 1.4401 	 34.0720 1.4311 	 30.5700 1.5922 	 30.5680 1.6102 
28 	 24.8180 1.3892 	 23.9680 1.1263 	 23.8460 1.2387 	 20.8100 1.1077 	 17.4160 1.0081 	 17.5160 1.0107 
29 	 41.8860 1.7591 	 36.3560 1.4087 	 40.8340 1.7988 	 37.8560 1.6738 	 33.1500 1.3962 	 33.2380 1.4064 
30 	 26.5680 1.4704 	 28.8800 1.4301 	 25.5580 1.3283 	 25.2280 1.4470 	 21.8000 1.3574 	 21.8400 1.3868 
31 	 45.4900 2.0415 	 44.3420 1.6664 	 44.9780 2.0203 	 43.3060 1.9256 	 38.7080 1.7912 	 38.8860 1.7598 
32 	 34.7660 1.6038 	 36.3100 1.5695 	 33.7560 1.4641 	 32.7060 1.4843 	 28.9460 1.4705 	 28.9380 1.5084 
33 	 31.9740 1.5798 	 37.0480 1.6603 	 31.4100 1.4302 	 32.5700 1.3708 	 29.3520 1.5710 	 29.4380 1.5911 
34 	 37.6620 1.6862 	 39.9080 1.7318 	 36.4940 1.5569 	 37.1980 1.7156 	 34.0120 1.6822 	 34.0520 1.6633 
35 	 26.7340 1.3086 	 32.1540 1.5837 	 26.2660 1.2646 	 26.0240 1.3734 	 23.0880 1.2333 	 23.1320 1.2244 
36 	 32.2180 1.4259 	 34.3600 1.5429 	 30.4340 1.3577 	 31.4540 1.4323 	 29.0000 1.5050 	 29.0640 1.4809 
37 	 39.0520 1.8739 	 35.5980 1.6799 	 37.8280 1.6649 	 35.5820 1.5945 	 32.1560 1.5254 	 32.1920 1.4855 
38 	 27.7760 1.4873 	 31.7600 1.4422 	 27.2100 1.3971 	 27.3220 1.3961 	 23.5500 1.1290 	 23.6080 1.1522 
39 	 30.9240 1.5410 	 37.1500 1.7664 	 29.9480 1.3462 	 32.0640 1.5455 	 28.6920 1.3458 	 28.7460 1.4278 
40 	 43.6700 1.8568 	 47.2740 1.7395 	 42.5520 1.7549 	 44.5360 1.7752 	 41.5500 1.9074 	 41.6360 1.9551 
41 	 32.0400 1.5098 	 35.8440 1.5052 	 31.2400 1.5098 	 30.4760 1.4067 	 27.3020 1.2756 	 27.3260 1.2532 
42 	 29.7740 1.4090 	 33.1080 1.6749 	 28.2060 1.2172 	 29.5160 1.4664 	 26.9540 1.3830 	 27.0160 1.3759 
43 	 35.7700 1.4097 	 37.3940 1.5887 	 34.3480 1.2951 	 34.1060 1.4580 	 30.6680 1.3640 	 30.7880 1.3847 
44 	 31.3100 1.5270 	 36.9980 1.4824 	 30.2840 1.3801 	 31.1220 1.5290 	 27.5540 1.3405 	 27.6300 1.3661 
45 	 33.2760 1.6065 	 37.7280 1.7747 	 32.3360 1.4547 	 33.5320 1.6316 	 29.8780 1.6634 	 29.9060 1.7182 
