Task 	 PA 	 PA_NV 	 PA_SL 	 HetOTL 	 HetOTL_SL 	 OTLHS 
1 	 0.0053 0.0013 	 0.0126 0.0030 	 0.0100 0.0025 	 0.0159 0.0037 	 0.0325 0.0067 	 0.0320 0.0067 
2 	 0.0050 0.0013 	 0.0129 0.0032 	 0.0106 0.0027 	 0.0159 0.0038 	 0.0339 0.0074 	 0.0329 0.0072 
3 	 0.0051 0.0012 	 0.0124 0.0027 	 0.0101 0.0024 	 0.0162 0.0037 	 0.0339 0.0079 	 0.0327 0.0066 
4 	 0.0053 0.0014 	 0.0125 0.0028 	 0.0101 0.0024 	 0.0162 0.0037 	 0.0337 0.0070 	 0.0331 0.0067 
5 	 0.0048 0.0010 	 0.0121 0.0025 	 0.0098 0.0020 	 0.0151 0.0029 	 0.0321 0.0058 	 0.0315 0.0059 
6 	 0.0047 0.0011 	 0.0120 0.0023 	 0.0097 0.0021 	 0.0154 0.0032 	 0.0303 0.0053 	 0.0310 0.0061 
7 	 0.0049 0.0011 	 0.0124 0.0027 	 0.0104 0.0022 	 0.0158 0.0032 	 0.0338 0.0061 	 0.0338 0.0064 
8 	 0.0050 0.0011 	 0.0125 0.0026 	 0.0107 0.0025 	 0.0159 0.0033 	 0.0336 0.0067 	 0.0344 0.0072 
9 	 0.0050 0.0012 	 0.0127 0.0028 	 0.0100 0.0022 	 0.0157 0.0034 	 0.0327 0.0067 	 0.0323 0.0065 
10 	 0.0049 0.0011 	 0.0122 0.0025 	 0.0100 0.0021 	 0.0155 0.0033 	 0.0327 0.0063 	 0.0322 0.0059 
11 	 0.0048 0.0011 	 0.0121 0.0025 	 0.0100 0.0022 	 0.0155 0.0035 	 0.0318 0.0065 	 0.0323 0.0069 
12 	 0.0053 0.0013 	 0.0129 0.0028 	 0.0106 0.0025 	 0.0163 0.0037 	 0.0341 0.0072 	 0.0334 0.0065 
13 	 0.0050 0.0012 	 0.0126 0.0027 	 0.0106 0.0024 	 0.0160 0.0034 	 0.0337 0.0066 	 0.0339 0.0070 
14 	 0.0046 0.0010 	 0.0119 0.0023 	 0.0099 0.0021 	 0.0152 0.0032 	 0.0320 0.0060 	 0.0311 0.0055 
15 	 0.0049 0.0011 	 0.0122 0.0027 	 0.0101 0.0023 	 0.0158 0.0036 	 0.0334 0.0068 	 0.0331 0.0069 
16 	 0.0053 0.0013 	 0.0130 0.0028 	 0.0106 0.0025 	 0.0168 0.0039 	 0.0347 0.0072 	 0.0347 0.0072 
17 	 0.0050 0.0012 	 0.0124 0.0027 	 0.0106 0.0024 	 0.0158 0.0035 	 0.0339 0.0070 	 0.0337 0.0071 
18 	 0.0049 0.0012 	 0.0124 0.0025 	 0.0103 0.0022 	 0.0158 0.0035 	 0.0332 0.0066 	 0.0327 0.0066 
19 	 0.0049 0.0012 	 0.0124 0.0026 	 0.0098 0.0022 	 0.0153 0.0030 	 0.0324 0.0102 	 0.0312 0.0058 
20 	 0.0051 0.0013 	 0.0125 0.0026 	 0.0104 0.0024 	 0.0159 0.0035 	 0.0338 0.0069 	 0.0329 0.0066 
21 	 0.0047 0.0009 	 0.0120 0.0021 	 0.0102 0.0020 	 0.0155 0.0031 	 0.0331 0.0058 	 0.0332 0.0060 
22 	 0.0050 0.0012 	 0.0126 0.0026 	 0.0100 0.0022 	 0.0159 0.0035 	 0.0319 0.0065 	 0.0317 0.0064 
23 	 0.0048 0.0011 	 0.0124 0.0025 	 0.0105 0.0023 	 0.0155 0.0031 	 0.0338 0.0067 	 0.0340 0.0065 
24 	 0.0047 0.0011 	 0.0122 0.0025 	 0.0101 0.0022 	 0.0153 0.0032 	 0.0321 0.0060 	 0.0321 0.0062 
25 	 0.0049 0.0012 	 0.0127 0.0029 	 0.0102 0.0023 	 0.0155 0.0034 	 0.0320 0.0066 	 0.0321 0.0065 
26 	 0.0049 0.0012 	 0.0123 0.0025 	 0.0105 0.0022 	 0.0157 0.0033 	 0.0337 0.0067 	 0.0332 0.0062 
27 	 0.0052 0.0012 	 0.0129 0.0028 	 0.0110 0.0025 	 0.0164 0.0035 	 0.0351 0.0072 	 0.0343 0.0065 
28 	 0.0046 0.0011 	 0.0119 0.0024 	 0.0098 0.0022 	 0.0148 0.0031 	 0.0297 0.0056 	 0.0301 0.0060 
29 	 0.0054 0.0014 	 0.0133 0.0031 	 0.0113 0.0028 	 0.0162 0.0036 	 0.0346 0.0074 	 0.0352 0.0076 
30 	 0.0045 0.0010 	 0.0120 0.0024 	 0.0095 0.0020 	 0.0146 0.0027 	 0.0303 0.0056 	 0.0306 0.0055 
31 	 0.0053 0.0013 	 0.0129 0.0027 	 0.0104 0.0024 	 0.0162 0.0034 	 0.0345 0.0070 	 0.0340 0.0068 
32 	 0.0047 0.0009 	 0.0119 0.0021 	 0.0096 0.0018 	 0.0150 0.0028 	 0.0310 0.0047 	 0.0312 0.0054 
33 	 0.0051 0.0013 	 0.0126 0.0030 	 0.0106 0.0026 	 0.0156 0.0035 	 0.0325 0.0067 	 0.0333 0.0070 
34 	 0.0052 0.0014 	 0.0129 0.0029 	 0.0110 0.0027 	 0.0161 0.0036 	 0.0347 0.0073 	 0.0342 0.0072 
35 	 0.0045 0.0008 	 0.0114 0.0019 	 0.0094 0.0016 	 0.0142 0.0024 	 0.0288 0.0045 	 0.0290 0.0048 
36 	 0.0047 0.0011 	 0.0122 0.0025 	 0.0104 0.0022 	 0.0151 0.0031 	 0.0327 0.0063 	 0.0323 0.0061 
37 	 0.0048 0.0011 	 0.0119 0.0023 	 0.0102 0.0020 	 0.0149 0.0026 	 0.0319 0.0053 	 0.0319 0.0056 
38 	 0.0049 0.0013 	 0.0123 0.0029 	 0.0102 0.0024 	 0.0155 0.0034 	 0.0320 0.0067 	 0.0322 0.0068 
39 	 0.0049 0.0012 	 0.0120 0.0024 	 0.0101 0.0023 	 0.0153 0.0033 	 0.0316 0.0058 	 0.0319 0.0061 
40 	 0.0050 0.0012 	 0.0125 0.0027 	 0.0105 0.0023 	 0.0157 0.0033 	 0.0342 0.0070 	 0.0341 0.0068 
41 	 0.0052 0.0013 	 0.0132 0.0031 	 0.0108 0.0025 	 0.0169 0.0050 	 0.0339 0.0072 	 0.0339 0.0075 
42 	 0.0046 0.0010 	 0.0120 0.0025 	 0.0100 0.0022 	 0.0150 0.0031 	 0.0321 0.0061 	 0.0318 0.0064 
43 	 0.0050 0.0012 	 0.0123 0.0026 	 0.0105 0.0024 	 0.0153 0.0031 	 0.0328 0.0062 	 0.0328 0.0063 
44 	 0.0048 0.0011 	 0.0123 0.0028 	 0.0100 0.0022 	 0.0153 0.0032 	 0.0320 0.0062 	 0.0320 0.0064 
45 	 0.0046 0.0010 	 0.0115 0.0021 	 0.0098 0.0018 	 0.0144 0.0026 	 0.0316 0.0055 	 0.0308 0.0050 
