Task 	 PA 	 PA_NV 	 PA_SL 	 HetOTL 	 HetOTL_SL 	 OTLHS 
1 	 49.9040 2.1930 	 43.2000 1.8852 	 49.9040 2.1930 	 45.3420 2.0649 	 39.0140 1.6021 	 39.1780 1.7179 
2 	 50.1540 2.2969 	 35.9220 1.5271 	 50.1540 2.2969 	 38.8140 1.8441 	 32.2200 1.5772 	 32.3720 1.6666 
3 	 50.3400 2.2607 	 39.5200 2.0763 	 50.3400 2.2607 	 42.4980 2.0375 	 36.0520 1.6465 	 36.3620 1.7456 
4 	 50.0800 2.0044 	 44.9860 1.9391 	 50.0800 2.0044 	 46.6420 1.9306 	 40.1120 1.7914 	 40.2800 1.8264 
5 	 49.9940 2.1054 	 41.0020 1.7971 	 49.9940 2.1054 	 43.2980 1.8618 	 37.2040 1.7087 	 37.3400 1.7395 
6 	 50.6180 2.3066 	 36.1880 1.6843 	 50.6180 2.3066 	 39.1480 1.6428 	 31.3100 1.4501 	 31.5300 1.5179 
7 	 50.1160 2.3395 	 44.8680 1.9184 	 50.1160 2.3395 	 46.3780 1.9835 	 42.0380 1.6920 	 42.1580 1.7639 
8 	 49.9400 2.0549 	 43.4200 1.7369 	 49.9400 2.0549 	 45.6680 1.8357 	 38.9300 1.8083 	 39.2140 1.7905 
9 	 50.1460 2.0465 	 38.8480 1.6688 	 50.1460 2.0465 	 42.1640 1.8238 	 34.6400 1.5141 	 34.8580 1.5718 
10 	 50.2420 2.2221 	 42.2280 1.8729 	 50.2420 2.2221 	 44.4720 2.0500 	 39.0780 1.7493 	 39.2820 1.7791 
11 	 50.3300 2.3621 	 36.8280 1.4796 	 50.3300 2.3621 	 39.2380 1.8890 	 31.7940 1.5524 	 31.9520 1.5250 
12 	 50.1060 2.1281 	 42.0620 1.9837 	 50.1060 2.1281 	 43.8220 2.2023 	 36.2200 1.4466 	 36.5580 1.4744 
13 	 49.7680 2.2205 	 40.9220 1.6658 	 49.7680 2.2205 	 42.9580 1.9314 	 36.1240 1.3694 	 36.3160 1.4140 
14 	 50.2120 2.0743 	 36.9960 1.6285 	 50.2120 2.0743 	 39.6060 1.7168 	 32.7600 1.6832 	 32.9660 1.6952 
15 	 50.6420 2.4523 	 37.3940 1.5895 	 50.6420 2.4523 	 39.9880 1.8188 	 32.2960 1.6751 	 32.5460 1.6512 
16 	 49.9620 2.5358 	 44.6580 2.1056 	 49.9620 2.5358 	 45.8960 2.1769 	 39.5080 1.5563 	 39.6920 1.5884 
17 	 50.0200 2.1587 	 39.8980 1.8163 	 50.0200 2.1587 	 42.4180 1.8541 	 36.6080 1.7204 	 36.8960 1.7156 
18 	 49.8180 2.5504 	 38.0920 1.6006 	 49.8180 2.5504 	 41.0460 1.7969 	 34.5040 1.7213 	 34.6600 1.7126 
19 	 49.9940 2.2701 	 36.8540 1.7108 	 49.9940 2.2701 	 40.0040 1.8151 	 32.1360 1.7134 	 32.3460 1.6421 
20 	 49.7560 2.1793 	 40.4540 1.8405 	 49.7560 2.1793 	 42.7560 1.9189 	 36.9280 1.8990 	 37.0720 1.8683 
21 	 50.0720 2.0206 	 42.7400 1.7894 	 50.0720 2.0206 	 45.4900 1.9661 	 40.5040 1.6518 	 40.6760 1.7056 
22 	 49.8720 2.2363 	 35.5000 1.6087 	 49.8720 2.2363 	 37.8260 1.7779 	 30.5780 1.5337 	 30.9020 1.5454 
23 	 49.8280 2.1907 	 38.8780 1.9388 	 49.8280 2.1907 	 41.8860 1.9416 	 37.1940 1.9987 	 37.4080 1.9405 
24 	 50.0440 2.3318 	 34.8680 1.7142 	 50.0440 2.3318 	 38.3100 1.7259 	 31.0820 1.6186 	 31.2020 1.6533 
25 	 50.0820 2.0855 	 36.1580 1.5288 	 50.0820 2.0855 	 38.6380 1.7145 	 30.6840 1.3895 	 30.9020 1.4189 
26 	 49.8600 2.1442 	 41.7480 1.9400 	 49.8600 2.1442 	 44.3920 2.0334 	 38.6440 1.8110 	 38.8880 1.7930 
27 	 50.3080 2.0031 	 40.9680 1.7386 	 50.3080 2.0031 	 44.1380 1.9216 	 37.6700 1.9607 	 37.8760 2.0040 
28 	 50.2080 2.4271 	 27.5780 1.5069 	 50.2080 2.4271 	 30.3640 1.5401 	 23.0640 1.1198 	 23.3080 1.1208 
29 	 50.0940 2.3815 	 40.5840 1.6829 	 50.0940 2.3815 	 43.1720 2.0030 	 36.6620 1.6297 	 36.8420 1.6016 
30 	 50.5320 2.0793 	 33.4040 1.6682 	 50.5320 2.0793 	 36.1720 1.9003 	 28.3120 1.4186 	 28.5300 1.5769 
31 	 49.9100 2.2857 	 46.3820 2.0253 	 49.9100 2.2857 	 47.9700 2.0709 	 42.0140 1.7680 	 42.1480 1.7924 
32 	 49.7420 2.4353 	 39.9240 1.8186 	 49.7420 2.4353 	 42.4940 1.9603 	 34.6300 1.7290 	 34.7780 1.7704 
33 	 50.3340 2.0724 	 39.4800 1.6875 	 50.3340 2.0724 	 41.9520 1.6186 	 35.1480 1.6805 	 35.4860 1.7673 
34 	 50.2120 2.2953 	 41.9160 1.8189 	 50.2120 2.2953 	 44.1760 2.1245 	 38.1000 1.9440 	 38.2920 1.8349 
35 	 49.8900 2.5302 	 34.6580 1.6407 	 49.8900 2.5302 	 36.5520 1.6847 	 29.7000 1.5100 	 29.9520 1.5322 
36 	 50.5320 2.2322 	 36.9040 1.6299 	 50.5320 2.2322 	 39.5780 1.7949 	 34.7000 1.6001 	 34.9080 1.5399 
37 	 50.2140 2.1349 	 39.7000 1.7123 	 50.2140 2.1349 	 42.7800 1.7826 	 35.5480 1.6472 	 35.6980 1.7367 
38 	 50.4880 2.5947 	 35.1320 1.4741 	 50.4880 2.5947 	 37.7020 1.7288 	 30.7400 1.6160 	 30.9700 1.5968 
39 	 50.2160 2.1781 	 39.9580 1.6763 	 50.2160 2.1781 	 43.2240 1.7336 	 36.7740 1.5247 	 36.9640 1.5759 
40 	 50.2960 2.3537 	 47.9260 1.9392 	 50.2960 2.3537 	 48.6780 2.1373 	 43.7240 1.7412 	 43.9920 1.8231 
41 	 50.2760 2.1227 	 39.5600 1.7389 	 50.2760 2.1227 	 42.5840 1.7585 	 34.6000 1.6909 	 34.7960 1.7378 
42 	 49.9880 1.8569 	 36.8940 1.6403 	 49.9880 1.8569 	 40.5320 1.7570 	 33.9020 1.5900 	 34.0700 1.5996 
43 	 50.1100 2.3578 	 40.6700 2.0315 	 50.1100 2.3578 	 43.7760 2.1358 	 37.0620 1.6080 	 37.2880 1.6271 
44 	 50.1220 2.2865 	 39.5360 1.7677 	 50.1220 2.2865 	 42.1920 1.9866 	 35.1060 1.5628 	 35.3140 1.5267 
45 	 50.2020 2.1730 	 40.5880 1.9951 	 50.2020 2.1730 	 43.7040 2.0937 	 37.5180 1.6959 	 37.6940 1.7012 
