Task 	 PA 	 PA_NV 	 PA_SL 	 HetOTL 	 HetOTL_SL 	 OTLHS 
1 	 76.3880 2.1232 	 77.6700 2.1334 	 97.6460 0.9879 	 154.2000 4.5239 	 258.0920 5.1089 	 258.6320 4.8944 
2 	 71.5100 2.2945 	 73.0640 1.8131 	 97.3060 1.0180 	 148.5800 3.9111 	 256.5520 4.2052 	 257.0080 4.3738 
3 	 73.2700 2.1775 	 76.8260 1.9601 	 97.5760 0.8712 	 154.2520 3.8112 	 248.5520 4.5075 	 248.9640 4.3209 
4 	 76.1180 2.0689 	 79.4080 1.8111 	 97.6940 0.9279 	 157.0640 3.8448 	 263.8000 4.6632 	 264.2880 4.7462 
5 	 72.7060 2.2521 	 76.9880 1.8306 	 97.5180 1.0491 	 153.7880 3.8356 	 259.5320 4.6662 	 260.2200 4.4558 
6 	 73.0100 1.8945 	 72.9240 1.7400 	 97.5900 1.0294 	 147.9000 3.0486 	 243.9160 4.4296 	 244.8160 4.3268 
7 	 72.3660 2.2798 	 80.6120 1.7516 	 98.1000 0.9196 	 159.4680 3.7103 	 288.7040 4.3247 	 288.6520 4.2193 
8 	 74.1360 1.8041 	 79.7280 1.7495 	 97.8600 0.9680 	 156.6680 3.9192 	 279.6280 4.4958 	 279.5520 4.4886 
9 	 73.5060 2.2128 	 76.1220 1.9307 	 97.6120 1.0197 	 153.0560 3.9252 	 255.0360 4.5558 	 255.8680 4.5269 
10 	 75.7780 2.3062 	 77.0300 1.8338 	 97.6520 0.9192 	 154.9720 3.7096 	 259.7840 4.4551 	 260.3520 4.6172 
11 	 73.2560 2.2107 	 74.2460 1.6312 	 97.4300 1.0604 	 150.1800 3.7555 	 249.2000 5.0112 	 249.6800 5.2975 
12 	 75.8660 2.1388 	 78.5060 1.9454 	 97.9760 0.7920 	 154.6880 4.1488 	 260.2680 4.7872 	 260.9880 4.8531 
13 	 74.4560 1.9746 	 79.3540 1.7940 	 97.8780 1.1494 	 157.0960 3.7132 	 264.9040 4.9163 	 265.2360 4.8855 
14 	 71.4200 2.1816 	 74.5420 2.0196 	 97.4860 1.0278 	 152.3800 3.6161 	 257.6440 5.2907 	 258.1480 5.2735 
15 	 73.0860 2.3361 	 75.2280 2.0275 	 97.5020 1.1931 	 152.3560 3.8142 	 255.8280 4.4032 	 256.2800 4.5545 
16 	 75.5500 2.4660 	 80.6400 1.9322 	 97.7560 0.9952 	 157.6760 3.9248 	 267.2320 4.8867 	 267.3160 4.8236 
17 	 74.1940 2.1551 	 76.6020 2.0342 	 98.0920 0.9608 	 155.3680 3.9007 	 269.4080 4.4779 	 269.5600 4.7056 
18 	 73.8960 2.1939 	 75.8880 1.7806 	 97.5800 1.0466 	 154.1520 3.7938 	 258.3640 4.4796 	 258.4440 4.3021 
19 	 72.3640 2.1598 	 74.5940 1.8516 	 97.5160 1.0438 	 150.7560 3.8764 	 241.6720 4.5972 	 242.0960 4.8496 
20 	 74.2160 2.3619 	 77.2900 1.9017 	 97.5960 0.9632 	 154.1080 3.9352 	 260.5480 4.6501 	 261.0600 4.3764 
21 	 72.8400 1.8755 	 80.9540 1.5977 	 98.1400 0.8874 	 160.0320 3.4215 	 287.9880 4.8391 	 288.1080 4.9687 
22 	 75.0060 2.1871 	 75.2520 1.7808 	 97.5640 0.9616 	 149.3080 3.8248 	 232.9880 4.8776 	 234.1400 4.8320 
23 	 71.3300 2.1547 	 77.7560 1.7036 	 98.1980 0.8933 	 155.9040 3.6097 	 283.5760 4.8295 	 283.1520 4.6942 
24 	 72.3820 2.3457 	 75.3360 1.7809 	 97.5500 1.1947 	 151.9760 3.6230 	 252.7960 4.9284 	 252.9160 4.8849 
25 	 74.1400 1.9704 	 75.4780 1.8865 	 97.4700 1.0361 	 150.0520 3.5458 	 245.0000 5.1390 	 246.1720 5.1308 
26 	 74.3280 2.2660 	 80.4040 1.7380 	 98.2520 0.9288 	 159.4360 3.6289 	 286.2320 3.7025 	 286.0800 3.5500 
27 	 75.2400 2.0335 	 81.0080 1.4653 	 98.1120 0.9049 	 160.6080 3.0971 	 275.7560 3.9963 	 275.9480 4.1564 
28 	 71.9100 2.1599 	 66.1100 1.9826 	 97.1500 1.0668 	 137.6840 4.1768 	 216.4120 5.8383 	 217.2200 5.7240 
29 	 73.1220 2.3680 	 77.5500 1.8096 	 97.8760 0.9920 	 155.6320 3.7006 	 263.9200 5.0683 	 264.2640 5.2179 
30 	 72.1820 2.1417 	 72.3920 1.7272 	 97.5380 0.9563 	 148.9760 3.5720 	 241.7560 5.2638 	 242.7360 5.5115 
31 	 75.7400 2.0867 	 80.9360 1.8001 	 98.0880 0.8855 	 157.7840 3.5779 	 283.2000 4.6661 	 283.0040 4.6204 
32 	 72.8280 2.4810 	 77.2400 1.9240 	 97.5460 1.0602 	 154.3480 3.9417 	 259.8840 4.3541 	 260.0960 4.5341 
33 	 74.4220 2.2342 	 75.8340 2.0287 	 97.6140 1.0116 	 153.3360 4.0459 	 254.4320 5.0876 	 255.2680 5.2373 
34 	 73.3500 2.1519 	 78.0120 1.8789 	 97.9220 1.0339 	 156.4800 3.4890 	 272.8120 4.9405 	 273.5480 5.2140 
35 	 74.0900 2.4804 	 71.4180 1.9330 	 97.6180 1.0599 	 145.8120 4.0304 	 229.5000 4.9284 	 229.9280 5.1248 
36 	 72.1240 2.2329 	 72.9880 1.7895 	 98.2540 0.7805 	 150.0560 3.6700 	 275.3200 4.5870 	 275.3240 4.3569 
37 	 72.9060 2.2185 	 76.2000 2.0615 	 97.8340 0.8594 	 154.5440 3.6966 	 261.4680 4.6893 	 261.8120 4.7132 
38 	 74.6440 2.3701 	 72.9620 1.8973 	 97.7660 0.9946 	 147.6600 4.3790 	 241.4000 4.6622 	 242.0360 4.7302 
39 	 74.0400 2.0416 	 76.8980 1.7804 	 97.8360 0.9557 	 154.1280 3.4235 	 262.3160 4.6056 	 262.6200 4.3760 
40 	 73.2120 2.3551 	 83.7000 1.4235 	 98.4440 0.7988 	 162.8640 3.0467 	 294.8080 4.7000 	 294.2000 4.7742 
41 	 74.7740 2.1186 	 78.5300 1.7159 	 98.0500 0.9080 	 153.9880 3.7105 	 263.0400 4.5119 	 263.6840 4.4811 
42 	 71.7160 2.0562 	 76.3040 1.6197 	 97.5600 0.9577 	 154.5560 3.3146 	 267.9560 4.4867 	 268.2560 4.4011 
43 	 72.7160 2.2883 	 79.0580 1.7708 	 98.1920 0.8706 	 156.8960 3.6146 	 281.2360 4.5369 	 281.8880 4.3759 
44 	 74.4800 2.1576 	 77.9420 1.6089 	 98.0420 1.0056 	 154.9400 3.7594 	 270.6200 5.2581 	 271.0160 5.3865 
45 	 74.3100 2.2551 	 78.2360 1.6912 	 98.1480 0.9655 	 156.8840 3.6272 	 274.5680 4.9260 	 274.4240 5.0660 
