Task 	 PA 	 PA_NV 	 PA_SL 	 HetOTL 	 HetOTL_SL 	 OTLHS 
1 	 84.7820 1.5565 	 72.5600 2.3343 	 91.9520 1.1481 	 165.5600 3.6944 	 318.9040 4.8019 	 318.5480 4.8448 
2 	 70.9400 1.8378 	 72.7700 2.1915 	 78.1780 1.6546 	 142.6400 3.7277 	 267.3360 4.9132 	 267.4160 4.9356 
3 	 82.4800 1.6146 	 73.5280 2.2866 	 89.5000 1.4314 	 159.2000 3.9348 	 303.6160 4.4382 	 303.2840 4.5498 
4 	 86.6420 1.4040 	 73.4920 2.1838 	 93.3200 1.1137 	 166.9480 3.3992 	 313.2040 4.7975 	 312.7400 4.6395 
5 	 76.7180 1.7709 	 73.1800 2.2494 	 84.2520 1.6536 	 152.5560 3.9237 	 297.1200 4.9921 	 296.9080 4.9937 
6 	 75.3120 1.5803 	 73.5940 2.0594 	 83.0020 1.3575 	 151.4080 3.3007 	 290.5960 4.4073 	 290.3480 4.3151 
7 	 78.5900 1.9110 	 74.3260 2.0968 	 86.6020 1.6845 	 152.8520 4.0381 	 304.0480 4.7984 	 303.2320 4.9344 
8 	 81.6500 1.6979 	 73.2220 2.1206 	 89.6420 1.4766 	 158.2200 3.5986 	 308.0280 4.5473 	 307.0720 4.5977 
9 	 77.1740 1.7734 	 73.4860 1.9545 	 84.7080 1.6064 	 154.0040 4.0556 	 284.3520 4.9828 	 284.3040 4.9681 
10 	 84.3820 1.4986 	 73.0160 2.1461 	 91.3720 1.2726 	 164.2600 3.8995 	 317.5320 4.2814 	 317.0120 4.2589 
11 	 75.3720 1.7051 	 72.8200 2.2644 	 82.9420 1.5810 	 151.7040 3.8650 	 287.0680 4.9528 	 286.9160 5.0110 
12 	 86.5260 1.5514 	 73.1900 2.1954 	 93.2200 1.1975 	 166.6120 3.6570 	 323.8520 4.6678 	 323.4160 4.5591 
13 	 78.3940 1.8945 	 72.8540 2.3270 	 86.3100 1.6348 	 157.6760 3.7569 	 294.3200 4.2640 	 294.0320 4.1146 
14 	 73.0760 1.7544 	 72.8960 2.4360 	 80.5520 1.7746 	 144.6240 3.7196 	 280.2760 5.1676 	 280.0880 5.2421 
15 	 80.6480 1.6875 	 73.0480 2.3995 	 88.2060 1.5100 	 157.2760 4.4125 	 311.3480 4.3967 	 311.0720 4.4849 
16 	 85.0560 1.4177 	 73.2240 2.1111 	 91.8760 1.1955 	 164.7800 3.6684 	 314.7520 5.0213 	 314.3760 5.2088 
17 	 79.3460 1.6068 	 72.8500 2.1839 	 87.1100 1.4100 	 158.4160 3.7081 	 301.9280 3.9140 	 301.6240 3.9372 
18 	 77.3060 1.7633 	 73.2540 2.2360 	 84.8240 1.6076 	 155.0640 3.7243 	 288.7800 4.5552 	 288.7920 4.5283 
19 	 76.9460 1.6428 	 73.2460 2.1020 	 84.6420 1.4848 	 153.2600 3.4608 	 288.9640 5.0289 	 288.6640 5.0296 
20 	 80.3620 1.5371 	 73.1740 2.3072 	 87.5120 1.3006 	 159.0080 3.8512 	 299.9280 4.8099 	 299.6000 4.8705 
21 	 79.7680 1.4920 	 74.4180 2.0255 	 87.6260 1.4098 	 156.8840 3.4528 	 309.2160 4.6481 	 308.5520 4.5755 
22 	 77.4020 1.4277 	 73.2880 2.2790 	 85.3340 1.2633 	 157.6880 3.6153 	 294.6160 4.5303 	 294.3040 4.5781 
23 	 72.9160 1.8242 	 73.8340 2.1047 	 80.3100 1.6688 	 143.7000 3.6468 	 288.1720 5.1456 	 287.8480 5.1954 
24 	 76.2780 1.4999 	 73.2180 2.1528 	 83.9720 1.4042 	 151.6720 3.4738 	 295.1800 4.3259 	 295.0040 4.2490 
25 	 74.2400 1.6025 	 72.9260 1.8523 	 82.1420 1.4279 	 153.0320 3.3351 	 284.0360 4.3070 	 284.0840 4.3538 
26 	 81.7460 1.7974 	 73.3860 2.0707 	 89.1200 1.4114 	 160.4120 3.8625 	 303.0800 4.7880 	 302.4880 4.8896 
27 	 80.8360 1.5963 	 74.0900 2.0440 	 88.7940 1.4288 	 161.3280 3.7020 	 303.5720 4.8483 	 303.2800 4.9135 
28 	 68.4040 1.5642 	 72.5220 2.4005 	 75.9240 1.5318 	 140.0520 3.6518 	 269.2400 4.5332 	 269.5280 4.6604 
29 	 81.3660 1.8927 	 73.1700 2.1875 	 89.8620 1.7131 	 157.6680 4.5133 	 303.8360 4.9329 	 303.1400 5.0511 
30 	 68.3620 1.7206 	 73.4160 2.0842 	 76.1720 1.5544 	 140.6240 3.4640 	 274.3760 4.5422 	 275.2160 4.7137 
31 	 88.1620 1.5009 	 74.4660 2.2235 	 94.1200 1.1620 	 167.6680 3.6016 	 328.2400 3.9142 	 327.5760 4.0357 
32 	 78.4760 1.7555 	 73.4100 2.3095 	 86.0460 1.5842 	 154.8480 4.2027 	 302.1000 4.7660 	 301.6680 4.9427 
33 	 79.6960 1.6252 	 72.7520 2.2251 	 87.3360 1.1905 	 159.1400 4.0014 	 300.3240 4.5311 	 299.8560 4.5410 
34 	 79.6220 1.6458 	 72.8480 2.3124 	 87.1660 1.4304 	 156.5040 3.7556 	 303.3080 4.1708 	 302.7960 4.0711 
35 	 75.6900 1.6606 	 72.4380 2.5368 	 83.8120 1.5891 	 154.8360 4.0670 	 291.3680 4.6852 	 291.2520 4.5779 
36 	 71.9080 1.9847 	 71.3100 2.2703 	 79.1060 1.6403 	 143.6920 4.0493 	 276.8000 4.8013 	 276.8360 4.8376 
37 	 80.2060 1.6449 	 72.9000 2.0966 	 88.2060 1.3945 	 156.3960 3.6402 	 309.1160 4.6942 	 308.5600 4.6481 
38 	 75.7360 1.5883 	 72.6680 2.5695 	 83.9620 1.3861 	 155.0960 3.8319 	 291.8280 4.0142 	 291.6720 4.0471 
39 	 77.5560 1.6304 	 73.4660 1.9668 	 84.9160 1.3754 	 155.2600 3.8284 	 289.0960 4.9481 	 288.9760 4.9067 
40 	 84.2840 1.8084 	 74.9660 1.9209 	 91.4240 1.4068 	 160.7960 3.9408 	 312.2160 4.8517 	 311.4440 4.8221 
41 	 78.5180 1.7914 	 74.4380 2.2403 	 85.9560 1.4061 	 156.9960 4.0014 	 291.6480 4.8954 	 291.3680 4.7639 
42 	 71.0200 1.6545 	 74.0300 2.0300 	 78.2620 1.7077 	 142.6480 3.5835 	 273.4240 4.6873 	 273.7760 4.7463 
43 	 77.5960 1.7997 	 74.6340 2.1398 	 84.8220 1.3351 	 152.5920 3.6184 	 296.4000 3.7815 	 296.0040 3.7864 
44 	 77.0380 1.7204 	 74.4000 2.2595 	 84.2720 1.5677 	 154.8480 3.5851 	 287.0080 4.3653 	 287.5080 4.4009 
45 	 77.6060 1.5022 	 73.2020 2.0256 	 85.3020 1.2622 	 155.8160 3.6174 	 295.6840 5.3799 	 295.2440 5.2877 
