Task 	 PA 	 PA_NV 	 PA_SL 	 HetOTL 	 HetOTL_SL 	 OTLHS 
1 	 37.8300 1.6422 	 49.9040 2.1930 	 37.4500 1.6557 	 44.8520 1.8720 	 41.0880 2.0121 	 41.1580 2.0327 
2 	 27.5600 1.2937 	 50.1540 2.2969 	 26.4780 1.2037 	 32.7400 1.4009 	 29.0320 1.5515 	 29.3480 1.5501 
3 	 38.2820 1.8077 	 50.3400 2.2607 	 37.4200 1.6082 	 43.5000 2.1549 	 39.0020 1.8397 	 39.0660 1.9133 
4 	 41.6700 1.7402 	 50.0800 2.0044 	 41.1720 1.6767 	 46.9640 2.1775 	 43.6720 1.6950 	 43.7180 1.7521 
5 	 32.7200 1.5106 	 49.9940 2.1054 	 31.5800 1.3268 	 38.1980 1.7236 	 35.2700 1.7790 	 35.4320 1.8086 
6 	 30.8020 1.4336 	 50.6180 2.3066 	 29.9120 1.2145 	 37.2280 1.6748 	 33.3620 1.8380 	 33.5160 1.7871 
7 	 40.0800 1.8344 	 50.1160 2.3395 	 38.5980 1.5600 	 43.2780 1.9200 	 42.8700 2.0200 	 43.1620 2.0530 
8 	 42.8920 2.0071 	 49.9400 2.0549 	 41.5340 1.8098 	 46.2480 2.0493 	 43.3540 1.9943 	 43.5160 1.9986 
9 	 33.1300 1.4876 	 50.1460 2.0465 	 31.8640 1.4738 	 39.3860 1.6652 	 34.6680 1.9251 	 34.7180 1.9036 
10 	 39.9160 1.8574 	 50.2420 2.2221 	 39.2960 1.6044 	 45.7420 1.8795 	 42.3600 2.1430 	 42.4980 2.1542 
11 	 30.7380 1.4855 	 50.3300 2.3621 	 29.8260 1.4407 	 36.9740 1.7472 	 33.7200 1.9507 	 33.8100 1.9171 
12 	 41.7140 1.9036 	 50.1060 2.1281 	 41.3020 1.7506 	 46.9460 2.0141 	 45.0540 2.1124 	 45.0840 2.1271 
13 	 31.0260 1.5212 	 49.7680 2.2205 	 30.5340 1.4406 	 39.0040 1.9071 	 34.7340 1.8606 	 34.8460 1.8882 
14 	 29.9400 1.3652 	 50.2120 2.0743 	 28.8800 1.3845 	 35.2580 1.5769 	 31.0860 1.7125 	 31.2700 1.7187 
15 	 35.2060 1.6919 	 50.6420 2.4523 	 34.5760 1.3869 	 41.9040 1.8834 	 37.3560 1.9819 	 37.5280 2.0375 
16 	 41.2500 1.8500 	 49.9620 2.5358 	 40.5460 1.8079 	 45.9200 2.2104 	 43.5500 1.9129 	 43.6180 1.8985 
17 	 32.7180 1.4056 	 50.0200 2.1587 	 32.1160 1.4239 	 40.4700 1.5940 	 36.9200 1.8447 	 37.0700 1.8402 
18 	 30.7460 1.5492 	 49.8180 2.5504 	 30.1840 1.4393 	 38.1280 1.7944 	 32.9920 1.6682 	 33.1180 1.7063 
19 	 30.3200 1.4553 	 49.9940 2.2701 	 29.8060 1.2957 	 37.4160 1.6737 	 34.4780 1.8301 	 34.6080 1.8517 
20 	 34.3780 1.4469 	 49.7560 2.1793 	 33.8180 1.4386 	 40.9200 1.7721 	 36.8000 2.1011 	 36.8920 2.0844 
21 	 35.4500 1.5563 	 50.0720 2.0206 	 34.6120 1.4179 	 41.2460 1.9288 	 41.8040 1.6426 	 41.9900 1.6554 
22 	 28.8300 1.3793 	 49.8720 2.2363 	 28.4580 1.2925 	 37.4260 1.6860 	 33.8020 1.8540 	 33.8980 1.8756 
23 	 31.2300 1.3988 	 49.8280 2.1907 	 29.7200 1.3487 	 35.4860 1.7552 	 36.1620 1.7518 	 36.4520 1.6993 
24 	 32.1240 1.5489 	 50.0440 2.3318 	 31.0420 1.4448 	 38.1260 1.8248 	 35.6500 1.7111 	 35.7380 1.7180 
25 	 26.7080 1.1555 	 50.0820 2.0855 	 25.9200 1.2414 	 34.8180 1.4333 	 29.9760 1.5354 	 30.1260 1.5092 
26 	 38.0100 1.5859 	 49.8600 2.1442 	 37.1140 1.4576 	 43.3280 1.9475 	 39.7280 2.0419 	 39.9260 2.0616 
27 	 33.5320 1.6278 	 50.3080 2.0031 	 32.8860 1.4054 	 41.7500 1.5998 	 38.1740 2.0692 	 38.2540 2.0332 
28 	 24.8180 1.3892 	 50.2080 2.4271 	 23.8120 1.2239 	 30.7020 1.5900 	 27.2760 1.5324 	 27.5380 1.5502 
29 	 41.8860 1.7591 	 50.0940 2.3815 	 40.9020 1.9047 	 45.9560 2.2598 	 41.3080 1.9971 	 41.5420 1.9720 
30 	 26.5680 1.4704 	 50.5320 2.0793 	 25.5200 1.4062 	 32.1280 1.5989 	 29.6060 1.6787 	 29.9980 1.6780 
31 	 45.4900 2.0415 	 49.9100 2.2857 	 45.0440 2.0371 	 48.3860 2.2483 	 46.3260 2.2138 	 46.4140 2.1867 
32 	 34.7660 1.6038 	 49.7420 2.4353 	 33.8260 1.5501 	 40.2860 1.8293 	 37.8320 1.6759 	 37.9560 1.7543 
33 	 31.9740 1.5798 	 50.3340 2.0724 	 31.3060 1.4797 	 40.2620 1.7681 	 37.5900 2.0242 	 37.6720 2.0322 
34 	 37.6620 1.6862 	 50.2120 2.2953 	 36.6320 1.5969 	 42.5200 1.8927 	 41.2760 2.1551 	 41.5240 2.1251 
35 	 26.7340 1.3086 	 49.8900 2.5302 	 26.4200 1.2651 	 35.2840 1.8280 	 33.1600 1.8927 	 33.1980 1.9024 
36 	 32.2180 1.4259 	 50.5320 2.2322 	 30.3900 1.4451 	 35.9040 1.7605 	 35.3220 2.0648 	 35.8120 2.1306 
37 	 39.0520 1.8739 	 50.2140 2.1349 	 37.8400 1.6527 	 43.3440 1.9190 	 41.1220 1.8708 	 41.2680 1.8968 
38 	 27.7760 1.4873 	 50.4880 2.5947 	 27.2200 1.4618 	 36.4500 1.7224 	 33.0500 1.7824 	 33.2020 1.8081 
39 	 30.9240 1.5410 	 50.2160 2.1781 	 29.8860 1.3878 	 38.0160 1.6170 	 34.5920 1.7516 	 34.6980 1.7348 
40 	 43.6700 1.8568 	 50.2960 2.3537 	 42.5640 1.7982 	 46.9840 2.1846 	 45.9540 2.3621 	 46.0860 2.3935 
41 	 32.0400 1.5098 	 50.2760 2.1227 	 31.2240 1.5301 	 39.3800 1.5105 	 35.6680 1.7482 	 35.7340 1.6624 
42 	 29.7740 1.4090 	 49.9880 1.8569 	 28.1940 1.2435 	 34.3460 1.4176 	 32.5600 1.6894 	 32.8220 1.6587 
43 	 35.7700 1.4097 	 50.1100 2.3578 	 34.3760 1.3634 	 40.3540 1.7424 	 38.4460 1.8066 	 38.6700 1.8256 
44 	 31.3100 1.5270 	 50.1220 2.2865 	 30.2220 1.4021 	 38.1060 1.7874 	 33.9780 1.7843 	 34.3060 1.7083 
45 	 33.2760 1.6065 	 50.2020 2.1730 	 32.3440 1.5319 	 39.8020 1.8278 	 37.1600 1.8649 	 37.2580 1.9138 
