Task 	 PA 	 PA_NV 	 PA_SL 	 HetOTL 	 HetOTL_SL 	 OTLHS 
1 	 84.7820 1.5565 	 80.9440 1.4403 	 91.2140 1.1098 	 175.6280 2.6092 	 347.3920 3.3236 	 347.3960 3.2850 
2 	 70.9400 1.8378 	 73.6860 1.3163 	 77.4980 1.6132 	 151.2880 3.1963 	 300.7400 4.4980 	 300.8560 4.4470 
3 	 82.4800 1.6146 	 79.3300 1.5674 	 88.8140 1.4217 	 170.3360 2.7199 	 339.8680 4.0073 	 339.7720 4.0900 
4 	 86.6420 1.4040 	 82.4720 1.5323 	 92.7040 1.1514 	 179.0600 2.2623 	 350.2880 3.6195 	 350.2720 3.5672 
5 	 76.7180 1.7709 	 77.5660 1.3929 	 83.4800 1.5508 	 163.0360 2.8535 	 329.5360 4.1193 	 329.4200 4.1200 
6 	 75.3120 1.5803 	 80.7300 1.4000 	 82.3040 1.3968 	 160.0200 2.9418 	 318.4560 4.1312 	 318.5160 4.1930 
7 	 78.5900 1.9110 	 80.3100 1.4034 	 86.0440 1.7937 	 167.7120 2.8682 	 350.6040 3.4143 	 350.5280 3.4230 
8 	 81.6500 1.6979 	 81.0060 1.3295 	 89.1780 1.5205 	 173.6440 3.0811 	 352.3040 3.7351 	 352.2320 3.7606 
9 	 77.1740 1.7734 	 79.3800 1.3311 	 84.0480 1.6051 	 164.8200 3.0172 	 317.1920 3.8997 	 317.2080 3.7759 
10 	 84.3820 1.4986 	 77.6540 1.5106 	 90.7540 1.3119 	 170.3080 2.9117 	 346.7760 3.6314 	 346.8080 3.5074 
11 	 75.3720 1.7051 	 74.9100 1.2881 	 82.2520 1.6447 	 160.9640 3.3837 	 320.4240 3.9290 	 320.4480 3.9399 
12 	 86.5260 1.5514 	 85.0840 1.4551 	 92.6460 1.2153 	 177.3360 2.4369 	 356.9760 3.5370 	 356.9640 3.6110 
13 	 78.3940 1.8945 	 77.6900 1.4854 	 85.6220 1.6834 	 167.6840 2.8423 	 328.2560 3.6513 	 328.2040 3.6957 
14 	 73.0760 1.7544 	 73.3620 1.4912 	 79.8420 1.8280 	 156.1040 3.1247 	 313.2840 4.9695 	 313.1400 4.9356 
15 	 80.6480 1.6875 	 78.3240 1.4099 	 87.6140 1.5067 	 167.2360 2.6836 	 341.6800 3.4890 	 341.5960 3.4827 
16 	 85.0560 1.4177 	 83.5380 1.2029 	 91.2100 1.2978 	 176.5680 2.5642 	 350.6600 4.0551 	 350.5680 4.1030 
17 	 79.3460 1.6068 	 74.7120 1.5751 	 86.4720 1.3820 	 167.3560 3.4220 	 334.2240 3.7619 	 334.2800 3.7873 
18 	 77.3060 1.7633 	 77.2180 1.3583 	 84.1520 1.5393 	 165.7120 2.8302 	 320.9080 4.1813 	 320.9400 4.1954 
19 	 76.9460 1.6428 	 81.4800 1.3230 	 83.9280 1.4602 	 166.8480 2.9069 	 328.2600 3.9754 	 328.3080 4.0060 
20 	 80.3620 1.5371 	 77.9060 1.4339 	 86.8440 1.3697 	 167.7520 2.4079 	 331.3160 3.6807 	 331.2520 3.7106 
21 	 79.7680 1.4920 	 81.4880 1.2583 	 86.9140 1.4695 	 170.6560 2.8959 	 354.1440 3.8081 	 354.1680 3.7636 
22 	 77.4020 1.4277 	 82.9380 1.1423 	 84.5140 1.3386 	 167.1400 2.5612 	 327.6520 3.5078 	 327.7200 3.4971 
23 	 72.9160 1.8242 	 77.9040 1.3368 	 79.5860 1.6360 	 158.2800 3.0492 	 334.7080 4.2998 	 334.7040 4.2958 
24 	 76.2780 1.4999 	 80.4200 1.2641 	 83.3040 1.4384 	 164.8920 3.0308 	 333.0520 3.9658 	 333.0800 4.0171 
25 	 74.2400 1.6025 	 81.5800 1.2380 	 81.3360 1.4812 	 163.1480 2.9243 	 312.3720 4.2512 	 312.4640 4.2327 
26 	 81.7460 1.7974 	 80.2080 1.5253 	 88.5320 1.4205 	 173.1200 2.9322 	 343.8560 3.8103 	 343.7560 3.7870 
27 	 80.8360 1.5963 	 82.7000 1.2831 	 88.1480 1.4055 	 175.4560 2.4915 	 342.9920 3.9881 	 342.9040 3.9584 
28 	 68.4040 1.5642 	 75.1100 1.4676 	 75.0860 1.5370 	 148.8400 3.1856 	 299.0200 4.1477 	 299.1640 4.1273 
29 	 81.3660 1.8927 	 81.5800 1.4166 	 89.3180 1.6911 	 172.3520 2.9175 	 342.8480 4.2030 	 342.7840 4.2522 
30 	 68.3620 1.7206 	 78.7660 1.5845 	 75.4160 1.5580 	 151.5520 3.0161 	 305.8280 4.5313 	 306.1920 4.5092 
31 	 88.1620 1.5009 	 86.1360 1.2992 	 93.6280 1.2636 	 183.7000 2.4016 	 362.5160 3.5602 	 362.5360 3.4770 
32 	 78.4760 1.7555 	 83.1920 1.3665 	 85.3860 1.5243 	 170.8520 2.7949 	 337.5360 3.9670 	 337.3960 3.8742 
33 	 79.6960 1.6252 	 76.5460 1.4882 	 86.6760 1.2377 	 167.7680 2.8801 	 334.9440 4.1039 	 335.0600 4.1765 
34 	 79.6220 1.6458 	 79.0880 1.3228 	 86.5600 1.4798 	 170.1040 2.7617 	 347.7320 4.1810 	 347.7800 4.1102 
35 	 75.6900 1.6606 	 81.3180 1.5866 	 82.9980 1.6064 	 162.3880 2.7593 	 323.1680 4.0071 	 323.2200 4.0750 
36 	 71.9080 1.9847 	 72.8680 1.6632 	 78.5840 1.7096 	 153.9560 3.7493 	 318.5000 5.2220 	 318.7280 5.1816 
37 	 80.2060 1.6449 	 79.5460 1.5392 	 87.5660 1.3923 	 169.3480 3.0034 	 350.5440 3.6720 	 350.5600 3.6845 
38 	 75.7360 1.5883 	 77.2220 1.4247 	 83.1620 1.3155 	 161.9520 3.0005 	 320.3080 3.8597 	 320.3280 3.9111 
39 	 77.5560 1.6304 	 77.6020 1.2307 	 84.0820 1.4185 	 165.0120 2.7369 	 321.9520 4.3037 	 322.0080 4.3070 
40 	 84.2840 1.8084 	 84.3660 1.3484 	 90.9860 1.4913 	 179.1920 2.6362 	 359.5560 3.8240 	 359.5360 3.8751 
41 	 78.5180 1.7914 	 84.6740 1.1785 	 85.0600 1.4759 	 169.7960 2.6236 	 327.7240 3.5567 	 327.7480 3.5942 
42 	 71.0200 1.6545 	 77.2120 1.4781 	 77.6740 1.7293 	 156.2920 3.2485 	 313.8640 4.2698 	 314.0360 4.2984 
43 	 77.5960 1.7997 	 80.5280 1.3658 	 84.1560 1.3682 	 166.0880 2.7786 	 334.4520 3.7154 	 334.5440 3.7672 
44 	 77.0380 1.7204 	 81.6980 1.3623 	 83.5100 1.6157 	 166.9960 2.9159 	 321.3360 4.3411 	 321.6040 4.3642 
45 	 77.6060 1.5022 	 77.9260 1.4269 	 84.6320 1.2321 	 166.8440 2.8386 	 331.5040 3.5596 	 331.3840 3.7335 
