Task 	 PA 	 PA_NV 	 PA_SL 	 HetOTL 	 HetOTL_SL 	 OTLHS 
1 	 37.8300 1.6422 	 39.6780 1.6022 	 37.5140 1.6385 	 38.4940 1.7722 	 34.8380 1.7736 	 34.8460 1.7814 
2 	 27.5600 1.2937 	 32.7100 1.6159 	 26.5040 1.1667 	 28.2060 1.3527 	 24.6480 1.2421 	 24.7720 1.2668 
3 	 38.2820 1.8077 	 33.8360 1.7696 	 37.3580 1.6368 	 36.5240 1.6860 	 32.6720 1.8092 	 32.7580 1.7943 
4 	 41.6700 1.7402 	 41.4120 1.6769 	 41.1420 1.7109 	 42.2220 1.6073 	 38.1160 1.6510 	 38.1340 1.6837 
5 	 32.7200 1.5106 	 37.9280 1.5729 	 31.6260 1.3656 	 33.9560 1.5783 	 30.3940 1.5227 	 30.4860 1.5419 
6 	 30.8020 1.4336 	 35.0400 1.3457 	 29.7960 1.2630 	 29.8160 1.4608 	 26.5080 1.4516 	 26.5540 1.4757 
7 	 40.0800 1.8344 	 41.7300 1.7151 	 38.5400 1.5391 	 39.7260 1.6946 	 38.2760 1.8162 	 38.3740 1.8132 
8 	 42.8920 2.0071 	 39.1860 1.6837 	 41.6060 1.8609 	 41.5140 1.7774 	 39.0720 1.8181 	 39.0900 1.8450 
9 	 33.1300 1.4876 	 35.2680 1.6515 	 31.9520 1.4637 	 33.0520 1.5693 	 29.2600 1.4181 	 29.3200 1.4230 
10 	 39.9160 1.8574 	 41.7700 1.9072 	 39.3700 1.5346 	 39.9780 1.7491 	 37.4760 1.7850 	 37.5140 1.8060 
11 	 30.7380 1.4855 	 35.1420 1.5697 	 29.7480 1.4261 	 32.0920 1.3380 	 28.3820 1.5226 	 28.4360 1.5251 
12 	 41.7140 1.9036 	 40.5440 1.4576 	 41.2980 1.7555 	 39.8100 1.7203 	 36.5460 1.6315 	 36.6160 1.6272 
13 	 31.0260 1.5212 	 38.4540 1.6675 	 30.6880 1.5056 	 32.9740 1.6604 	 28.8420 1.5474 	 28.8900 1.5514 
14 	 29.9400 1.3652 	 32.6660 1.5461 	 28.8240 1.4157 	 31.6300 1.5649 	 27.5080 1.4712 	 27.5600 1.4826 
15 	 35.2060 1.6919 	 34.6420 1.4398 	 34.5520 1.3935 	 35.3220 1.6369 	 31.0620 1.7845 	 31.0960 1.7671 
16 	 41.2500 1.8500 	 43.3180 1.4174 	 40.5360 1.7068 	 42.0520 1.9415 	 38.1020 1.5519 	 38.1220 1.5481 
17 	 32.7180 1.4056 	 36.5360 1.7802 	 32.0600 1.3864 	 34.3660 1.7581 	 30.9080 1.4034 	 30.9700 1.4353 
18 	 30.7460 1.5492 	 35.5780 1.6834 	 30.1760 1.3589 	 32.7120 1.3988 	 28.0420 1.5153 	 28.1180 1.5487 
19 	 30.3200 1.4553 	 33.9120 1.5456 	 29.7500 1.2198 	 30.2000 1.3215 	 26.8020 1.5584 	 26.8240 1.5283 
20 	 34.3780 1.4469 	 41.4060 1.6555 	 33.8600 1.4089 	 35.2880 1.4154 	 31.7760 1.7443 	 31.8180 1.7210 
21 	 35.4500 1.5563 	 42.3980 1.8239 	 34.6920 1.4758 	 36.5940 1.5299 	 35.1820 1.7800 	 35.1840 1.7527 
22 	 28.8300 1.3793 	 39.5840 1.4093 	 28.5080 1.2765 	 28.4200 1.3902 	 24.9280 1.3392 	 24.9700 1.3473 
23 	 31.2300 1.3988 	 37.6860 1.7194 	 29.6820 1.2476 	 31.2580 1.4381 	 30.4860 1.5184 	 30.5040 1.4879 
24 	 32.1240 1.5489 	 37.3640 1.8236 	 31.0740 1.4300 	 31.2820 1.3490 	 28.1860 1.4014 	 28.1800 1.4164 
25 	 26.7080 1.1555 	 39.7960 1.5666 	 25.9340 1.2472 	 28.2160 1.3632 	 23.9300 1.4648 	 23.9360 1.4773 
26 	 38.0100 1.5859 	 39.3600 2.1206 	 37.0660 1.5728 	 37.9300 1.6874 	 34.9740 1.5548 	 34.9700 1.5561 
27 	 33.5320 1.6278 	 38.6500 1.8848 	 32.7500 1.4488 	 35.0960 1.5212 	 31.6800 1.7319 	 31.6840 1.7144 
28 	 24.8180 1.3892 	 29.7000 1.3195 	 23.8540 1.2355 	 23.6240 1.1343 	 19.8860 1.1265 	 19.9580 1.0796 
29 	 41.8860 1.7591 	 39.1340 1.9078 	 40.8460 1.8135 	 40.4180 1.7983 	 37.0240 1.7455 	 37.0960 1.7799 
30 	 26.5680 1.4704 	 31.4620 1.4505 	 25.5480 1.3432 	 26.8920 1.5097 	 23.7220 1.5719 	 23.7900 1.5839 
31 	 45.4900 2.0415 	 41.9200 1.5957 	 44.9100 2.0174 	 44.3540 1.9204 	 41.0560 1.9347 	 41.1040 1.8771 
32 	 34.7660 1.6038 	 35.3160 1.7109 	 33.7780 1.4500 	 35.2080 1.4752 	 31.7160 1.8532 	 31.6920 1.8498 
33 	 31.9740 1.5798 	 38.2620 1.7442 	 31.3240 1.4798 	 33.7200 1.6181 	 30.3600 1.6709 	 30.3300 1.6724 
34 	 37.6620 1.6862 	 39.9120 1.8925 	 36.5380 1.5987 	 38.4900 1.7014 	 36.5540 1.8640 	 36.5960 1.8873 
35 	 26.7340 1.3086 	 37.9940 1.5907 	 26.2460 1.3014 	 28.2100 1.4540 	 24.5940 1.4390 	 24.6340 1.4422 
36 	 32.2180 1.4259 	 33.3380 1.4184 	 30.4260 1.3685 	 32.1820 1.3514 	 31.0020 1.6705 	 31.0440 1.6814 
37 	 39.0520 1.8739 	 38.1380 1.8334 	 37.8500 1.7302 	 38.5720 1.5761 	 36.2680 1.7907 	 36.2720 1.8022 
38 	 27.7760 1.4873 	 34.5260 1.4987 	 27.2000 1.4019 	 28.9680 1.5039 	 25.1600 1.5919 	 25.2020 1.5675 
39 	 30.9240 1.5410 	 38.2380 1.8135 	 29.9420 1.3563 	 32.7560 1.4660 	 29.4840 1.4442 	 29.5480 1.4427 
40 	 43.6700 1.8568 	 47.1100 1.8118 	 42.5420 1.8060 	 45.1340 1.7375 	 43.1640 1.9613 	 43.1920 1.9959 
41 	 32.0400 1.5098 	 37.2800 1.1973 	 31.2420 1.5446 	 31.0540 1.3929 	 28.4280 1.5255 	 28.4400 1.5518 
42 	 29.7740 1.4090 	 33.2500 1.6703 	 28.2560 1.2414 	 30.2220 1.5125 	 28.0440 1.5574 	 28.1520 1.5324 
43 	 35.7700 1.4097 	 38.0780 1.3342 	 34.3780 1.3230 	 35.2800 1.5136 	 32.7120 1.6804 	 32.8100 1.7189 
44 	 31.3100 1.5270 	 39.6020 1.5057 	 30.2340 1.4670 	 32.1300 1.5150 	 28.8780 1.4918 	 28.9120 1.4772 
45 	 33.2760 1.6065 	 37.0200 1.6499 	 32.3220 1.4497 	 34.4720 1.6491 	 31.2800 1.8162 	 31.2880 1.8265 
