Task 	 PA 	 PA_NV 	 PA_SL 	 HetOTL 	 HetOTL_SL 	 OTLHS 
1 	 37.8300 1.6422 	 49.9040 2.1930 	 37.4420 1.6500 	 44.8620 1.8601 	 41.1980 2.0152 	 41.2600 2.0415 
2 	 27.5600 1.2937 	 50.1540 2.2969 	 26.4800 1.2131 	 32.7380 1.3977 	 29.0520 1.5460 	 29.3940 1.5543 
3 	 38.2820 1.8077 	 50.3400 2.2607 	 37.4220 1.6200 	 43.5240 2.1474 	 39.1200 1.8359 	 39.2220 1.9301 
4 	 41.6700 1.7402 	 50.0800 2.0044 	 41.1760 1.6557 	 46.9720 2.1781 	 43.7200 1.6916 	 43.8300 1.7423 
5 	 32.7200 1.5106 	 49.9940 2.1054 	 31.5820 1.3193 	 38.2220 1.7366 	 35.3500 1.7937 	 35.5140 1.8452 
6 	 30.8020 1.4336 	 50.6180 2.3066 	 29.9120 1.2155 	 37.2700 1.6840 	 33.4500 1.8207 	 33.6020 1.7792 
7 	 40.0800 1.8344 	 50.1160 2.3395 	 38.5960 1.5640 	 43.2800 1.9112 	 42.9240 2.0195 	 43.1980 2.0347 
8 	 42.8920 2.0071 	 49.9400 2.0549 	 41.5460 1.8142 	 46.2600 2.0427 	 43.3920 1.9840 	 43.5800 2.0118 
9 	 33.1300 1.4876 	 50.1460 2.0465 	 31.8640 1.4572 	 39.3960 1.6752 	 34.7080 1.9450 	 34.7660 1.8978 
10 	 39.9160 1.8574 	 50.2420 2.2221 	 39.2940 1.6154 	 45.7500 1.9030 	 42.4880 2.1663 	 42.6260 2.2127 
11 	 30.7380 1.4855 	 50.3300 2.3621 	 29.8220 1.4475 	 37.0060 1.7250 	 33.8100 1.9851 	 33.9140 1.9241 
12 	 41.7140 1.9036 	 50.1060 2.1281 	 41.3200 1.7463 	 46.9500 2.0089 	 45.1720 2.1422 	 45.2000 2.1606 
13 	 31.0260 1.5212 	 49.7680 2.2205 	 30.5400 1.4443 	 39.0480 1.9010 	 34.8280 1.8785 	 34.9540 1.8864 
14 	 29.9400 1.3652 	 50.2120 2.0743 	 28.8780 1.3865 	 35.2860 1.5728 	 31.1380 1.7176 	 31.2880 1.7292 
15 	 35.2060 1.6919 	 50.6420 2.4523 	 34.5780 1.3975 	 41.9500 1.8678 	 37.5480 1.9878 	 37.6980 2.0429 
16 	 41.2500 1.8500 	 49.9620 2.5358 	 40.5520 1.7941 	 45.9300 2.2035 	 43.6260 1.8977 	 43.7280 1.8887 
17 	 32.7180 1.4056 	 50.0200 2.1587 	 32.1200 1.4216 	 40.5240 1.5903 	 37.0280 1.8445 	 37.1520 1.8513 
18 	 30.7460 1.5492 	 49.8180 2.5504 	 30.1940 1.4479 	 38.1520 1.7968 	 33.0760 1.7216 	 33.1960 1.7237 
19 	 30.3200 1.4553 	 49.9940 2.2701 	 29.8080 1.2902 	 37.4460 1.6590 	 34.5680 1.8514 	 34.7040 1.8483 
20 	 34.3780 1.4469 	 49.7560 2.1793 	 33.8300 1.4457 	 40.9480 1.7838 	 36.8500 2.1046 	 36.9780 2.0512 
21 	 35.4500 1.5563 	 50.0720 2.0206 	 34.6020 1.4152 	 41.2500 1.9283 	 41.9020 1.6449 	 42.0680 1.6938 
22 	 28.8300 1.3793 	 49.8720 2.2363 	 28.4460 1.2955 	 37.4780 1.7053 	 33.9400 1.8983 	 34.0520 1.8858 
23 	 31.2300 1.3988 	 49.8280 2.1907 	 29.7180 1.3577 	 35.5100 1.7619 	 36.2020 1.7813 	 36.4740 1.7204 
24 	 32.1240 1.5489 	 50.0440 2.3318 	 31.0360 1.4420 	 38.1620 1.8336 	 35.7820 1.6921 	 35.8920 1.7404 
25 	 26.7080 1.1555 	 50.0820 2.0855 	 25.9080 1.2438 	 34.8480 1.4476 	 30.0660 1.5369 	 30.2120 1.5683 
26 	 38.0100 1.5859 	 49.8600 2.1442 	 37.1160 1.4606 	 43.3340 1.9318 	 39.7840 2.0524 	 39.9840 2.0663 
27 	 33.5320 1.6278 	 50.3080 2.0031 	 32.8680 1.4034 	 41.7940 1.6124 	 38.2780 2.0815 	 38.3320 2.0442 
28 	 24.8180 1.3892 	 50.2080 2.4271 	 23.8140 1.2261 	 30.7340 1.5827 	 27.3660 1.5419 	 27.6280 1.5637 
29 	 41.8860 1.7591 	 50.0940 2.3815 	 40.9140 1.9133 	 45.9660 2.2629 	 41.3640 1.9679 	 41.5600 1.9682 
30 	 26.5680 1.4704 	 50.5320 2.0793 	 25.5120 1.4025 	 32.1360 1.6115 	 29.7120 1.6610 	 30.0860 1.6743 
31 	 45.4900 2.0415 	 49.9100 2.2857 	 45.0500 2.0442 	 48.3880 2.2581 	 46.3920 2.2047 	 46.4340 2.2169 
32 	 34.7660 1.6038 	 49.7420 2.4353 	 33.8280 1.5544 	 40.3120 1.8185 	 37.8740 1.6884 	 38.0400 1.7172 
33 	 31.9740 1.5798 	 50.3340 2.0724 	 31.3080 1.4693 	 40.2880 1.7591 	 37.7160 1.9923 	 37.7940 2.0184 
34 	 37.6620 1.6862 	 50.2120 2.2953 	 36.6280 1.5901 	 42.5220 1.8783 	 41.3360 2.1379 	 41.6100 2.1184 
35 	 26.7340 1.3086 	 49.8900 2.5302 	 26.4140 1.2660 	 35.3440 1.8286 	 33.2420 1.8792 	 33.2920 1.9209 
36 	 32.2180 1.4259 	 50.5320 2.2322 	 30.3940 1.4502 	 35.9180 1.7613 	 35.3460 2.0402 	 35.8360 2.1285 
37 	 39.0520 1.8739 	 50.2140 2.1349 	 37.8460 1.6561 	 43.3560 1.9235 	 41.2260 1.9098 	 41.3420 1.8767 
38 	 27.7760 1.4873 	 50.4880 2.5947 	 27.2100 1.4637 	 36.5240 1.7197 	 33.1660 1.8311 	 33.3060 1.8450 
39 	 30.9240 1.5410 	 50.2160 2.1781 	 29.8920 1.3831 	 38.0500 1.6249 	 34.6620 1.7852 	 34.7580 1.7415 
40 	 43.6700 1.8568 	 50.2960 2.3537 	 42.5660 1.8003 	 46.9860 2.1867 	 46.0000 2.3826 	 46.1060 2.4039 
41 	 32.0400 1.5098 	 50.2760 2.1227 	 31.2240 1.5232 	 39.4080 1.4988 	 35.7080 1.7346 	 35.7680 1.6631 
42 	 29.7740 1.4090 	 49.9880 1.8569 	 28.2020 1.2409 	 34.3480 1.4204 	 32.5960 1.6767 	 32.8740 1.6604 
43 	 35.7700 1.4097 	 50.1100 2.3578 	 34.3680 1.3653 	 40.3580 1.7522 	 38.4980 1.7975 	 38.7100 1.8118 
44 	 31.3100 1.5270 	 50.1220 2.2865 	 30.2200 1.4032 	 38.1220 1.7766 	 34.0120 1.8070 	 34.3440 1.7240 
45 	 33.2760 1.6065 	 50.2020 2.1730 	 32.3460 1.5342 	 39.8180 1.8350 	 37.2040 1.8595 	 37.3360 1.8965 
