Task 	 PA 	 PA_NV 	 PA_SL 	 HetOTL 	 HetOTL_SL 	 OTLHS 
1 	 84.7820 1.5565 	 72.6240 2.3543 	 91.9640 1.1422 	 165.5240 3.7414 	 318.9760 4.8902 	 318.5640 4.8205 
2 	 70.9400 1.8378 	 72.7240 2.1705 	 78.1940 1.6491 	 142.6000 3.7353 	 267.4560 4.9415 	 267.4400 4.9148 
3 	 82.4800 1.6146 	 73.5400 2.2815 	 89.5140 1.4268 	 159.1880 3.8979 	 303.7560 4.5083 	 303.3200 4.5381 
4 	 86.6420 1.4040 	 73.4640 2.1709 	 93.3260 1.1089 	 166.9600 3.3841 	 313.2520 4.7915 	 312.8480 4.6000 
5 	 76.7180 1.7709 	 73.1640 2.2526 	 84.2740 1.6679 	 152.5240 3.8967 	 297.1360 4.9550 	 296.8840 4.9899 
6 	 75.3120 1.5803 	 73.6020 2.0606 	 83.0200 1.3670 	 151.3920 3.3002 	 290.6800 4.4489 	 290.3960 4.3263 
7 	 78.5900 1.9110 	 74.2820 2.1090 	 86.6180 1.6849 	 152.8240 4.0429 	 304.0440 4.7485 	 303.1160 4.8673 
8 	 81.6500 1.6979 	 73.2020 2.1150 	 89.6540 1.4765 	 158.2160 3.6197 	 308.0960 4.4659 	 307.1000 4.5905 
9 	 77.1740 1.7734 	 73.4680 1.9326 	 84.7360 1.6123 	 154.0160 4.0573 	 284.5120 4.9999 	 284.4680 4.8792 
10 	 84.3820 1.4986 	 72.9960 2.1492 	 91.3940 1.2702 	 164.2280 3.8515 	 317.6680 4.3055 	 317.1280 4.3801 
11 	 75.3720 1.7051 	 72.8500 2.2991 	 82.9460 1.5847 	 151.7280 3.9191 	 287.3160 4.9447 	 287.1800 5.0045 
12 	 86.5260 1.5514 	 73.2020 2.1693 	 93.2420 1.1903 	 166.6240 3.6485 	 323.8600 4.8075 	 323.2520 4.6075 
13 	 78.3940 1.8945 	 72.8500 2.2928 	 86.3260 1.6351 	 157.7080 3.7276 	 294.3360 4.2738 	 294.1920 4.2543 
14 	 73.0760 1.7544 	 72.9180 2.4510 	 80.5780 1.7793 	 144.6240 3.7382 	 280.3040 5.1921 	 280.2840 5.3122 
15 	 80.6480 1.6875 	 73.0480 2.4263 	 88.2220 1.5170 	 157.2840 4.4241 	 311.4960 4.4366 	 311.2120 4.5271 
16 	 85.0560 1.4177 	 73.2340 2.1122 	 91.8800 1.2027 	 164.7160 3.6724 	 314.8760 4.9888 	 314.5000 5.1428 
17 	 79.3460 1.6068 	 72.8300 2.2066 	 87.1220 1.4182 	 158.4800 3.7346 	 301.9520 3.8970 	 301.8000 4.0103 
18 	 77.3060 1.7633 	 73.2240 2.2199 	 84.8420 1.6221 	 155.0920 3.7298 	 288.8560 4.5550 	 288.9160 4.4912 
19 	 76.9460 1.6428 	 73.2620 2.0972 	 84.6580 1.4837 	 153.2600 3.4896 	 289.1080 5.0173 	 288.7560 4.9348 
20 	 80.3620 1.5371 	 73.1500 2.3079 	 87.5240 1.2989 	 159.0080 3.8729 	 300.0440 4.7946 	 299.7880 4.8650 
21 	 79.7680 1.4920 	 74.4420 2.0450 	 87.6360 1.4060 	 156.8640 3.4735 	 309.2360 4.5953 	 308.5480 4.6138 
22 	 77.4020 1.4277 	 73.3020 2.2660 	 85.3380 1.2632 	 157.7200 3.6300 	 294.7400 4.5406 	 294.4320 4.5737 
23 	 72.9160 1.8242 	 73.8400 2.0957 	 80.3320 1.6719 	 143.6560 3.6510 	 288.2400 5.1449 	 287.8400 5.1746 
24 	 76.2780 1.4999 	 73.2280 2.1164 	 83.9860 1.3860 	 151.6480 3.5241 	 295.3320 4.2244 	 295.1120 4.1754 
25 	 74.2400 1.6025 	 72.9180 1.8388 	 82.1720 1.4259 	 153.0640 3.3074 	 284.2480 4.2836 	 284.3280 4.4256 
26 	 81.7460 1.7974 	 73.3560 2.0998 	 89.1280 1.4158 	 160.4000 3.8752 	 303.1200 4.8161 	 302.5200 4.9916 
27 	 80.8360 1.5963 	 74.0800 2.0491 	 88.8100 1.4195 	 161.2920 3.6959 	 303.7160 4.8008 	 303.4160 4.8813 
28 	 68.4040 1.5642 	 72.5220 2.3897 	 75.9380 1.5172 	 140.0760 3.6708 	 269.4360 4.5230 	 269.6440 4.6875 
29 	 81.3660 1.8927 	 73.1980 2.2079 	 89.8700 1.7189 	 157.6640 4.5457 	 303.9120 4.9598 	 303.2160 5.0978 
30 	 68.3620 1.7206 	 73.4340 2.0681 	 76.1880 1.5595 	 140.6120 3.4650 	 274.5160 4.5113 	 275.2760 4.6999 
31 	 88.1620 1.5009 	 74.4860 2.2242 	 94.1260 1.1598 	 167.6480 3.6450 	 328.3120 3.9120 	 327.6920 4.0692 
32 	 78.4760 1.7555 	 73.3800 2.3090 	 86.0720 1.5859 	 154.8920 4.1844 	 302.2040 4.8327 	 301.7160 5.0393 
33 	 79.6960 1.6252 	 72.7240 2.2341 	 87.3440 1.1899 	 159.1600 4.0103 	 300.3640 4.5480 	 299.9400 4.5548 
34 	 79.6220 1.6458 	 72.8500 2.2772 	 87.1740 1.4385 	 156.4680 3.7385 	 303.3920 4.0480 	 302.7880 4.0861 
35 	 75.6900 1.6606 	 72.4100 2.5246 	 83.8220 1.5863 	 154.8720 4.0845 	 291.5440 4.6668 	 291.4600 4.5718 
36 	 71.9080 1.9847 	 71.3300 2.1689 	 79.1140 1.6522 	 143.6760 4.0600 	 276.8680 4.7339 	 276.8760 4.8485 
37 	 80.2060 1.6449 	 72.8580 2.1008 	 88.2320 1.3905 	 156.3920 3.6510 	 309.2360 4.7886 	 308.6800 4.6846 
38 	 75.7360 1.5883 	 72.6440 2.5512 	 83.9800 1.3811 	 155.1280 3.7966 	 292.0000 4.0286 	 291.8040 4.0408 
39 	 77.5560 1.6304 	 73.4440 1.9517 	 84.9280 1.3723 	 155.2480 3.8473 	 289.1480 4.9189 	 289.0840 4.8885 
40 	 84.2840 1.8084 	 74.9420 1.9396 	 91.4260 1.4101 	 160.7560 3.9422 	 312.2440 4.8479 	 311.4160 4.8975 
41 	 78.5180 1.7914 	 74.4440 2.2503 	 85.9720 1.3987 	 156.9920 3.9925 	 291.7080 4.8920 	 291.4720 4.7390 
42 	 71.0200 1.6545 	 74.0400 2.0703 	 78.2820 1.7165 	 142.6720 3.6217 	 273.5040 4.7014 	 273.7200 4.7853 
43 	 77.5960 1.7997 	 74.6200 2.1310 	 84.8320 1.3417 	 152.5520 3.6176 	 296.4560 3.7926 	 296.0600 3.8055 
44 	 77.0380 1.7204 	 74.3880 2.2616 	 84.2780 1.5730 	 154.8640 3.5758 	 287.0840 4.4084 	 287.6040 4.4366 
45 	 77.6060 1.5022 	 73.1960 2.0097 	 85.3200 1.2624 	 155.8000 3.5987 	 295.7520 5.2545 	 295.3320 5.2175 
