Task 	 PA 	 PA_NV 	 PA_SL 	 HetOTL 	 HetOTL_SL 	 OTLHS 
1 	 32.7220 1.3712 	 43.2000 1.8852 	 33.0720 1.3320 	 38.5360 1.6853 	 33.9360 1.5090 	 33.9880 1.5076 
2 	 23.0940 1.0072 	 35.9220 1.5271 	 22.7380 0.9805 	 26.4960 1.4226 	 24.3040 1.2641 	 24.3280 1.3103 
3 	 33.1140 1.3793 	 39.5200 2.0763 	 33.1740 1.3893 	 34.3500 1.5986 	 30.6480 1.4057 	 30.7120 1.4429 
4 	 36.1000 1.5670 	 44.9860 1.9391 	 36.3540 1.3627 	 40.1080 1.5014 	 35.1160 1.5298 	 35.1280 1.5472 
5 	 28.4320 1.1979 	 41.0020 1.7971 	 28.0200 1.1795 	 32.8560 1.3055 	 29.9540 1.3591 	 30.0360 1.3521 
6 	 26.2020 1.1088 	 36.1880 1.6843 	 26.4140 0.9942 	 29.8580 1.3503 	 25.9660 1.1697 	 25.9800 1.1587 
7 	 35.8200 1.6390 	 44.8680 1.9184 	 35.1600 1.3312 	 38.7020 1.5465 	 36.4680 1.6491 	 36.5240 1.6660 
8 	 39.4720 1.7309 	 43.4200 1.7369 	 38.9200 1.4760 	 39.9520 1.7936 	 35.2760 1.6344 	 35.3440 1.6033 
9 	 28.2600 1.1066 	 38.8480 1.6688 	 28.2660 1.1807 	 32.1380 1.3785 	 28.0160 1.3414 	 28.0780 1.3372 
10 	 35.1980 1.3861 	 42.2280 1.8729 	 35.6440 1.4707 	 38.4640 1.5709 	 35.0660 1.6377 	 35.0600 1.6339 
11 	 25.8460 1.3057 	 36.8280 1.4796 	 26.1180 1.1759 	 29.5700 1.4703 	 25.5520 1.4085 	 25.6080 1.3645 
12 	 37.1860 1.6296 	 42.0620 1.9837 	 37.4100 1.5540 	 38.9440 1.9540 	 33.3000 1.3560 	 33.3520 1.3857 
13 	 25.3320 1.2054 	 40.9220 1.6658 	 25.8380 1.2150 	 32.7280 1.5613 	 29.4580 1.4596 	 29.4600 1.4593 
14 	 25.7900 1.0679 	 36.9960 1.6285 	 25.5080 1.0744 	 27.9380 1.3275 	 24.6780 1.3260 	 24.7500 1.3325 
15 	 30.0500 1.3398 	 37.3940 1.5895 	 30.3420 1.2531 	 30.8920 1.5336 	 26.9020 1.3317 	 26.9260 1.3207 
16 	 35.9200 1.5679 	 44.6580 2.1056 	 36.0440 1.3578 	 40.2360 1.6717 	 35.5800 1.3338 	 35.6320 1.3311 
17 	 26.6320 1.3023 	 39.8980 1.8163 	 26.7540 1.2886 	 32.7500 1.4933 	 29.4540 1.4202 	 29.4540 1.4267 
18 	 25.1460 1.2607 	 38.0920 1.6006 	 25.3760 1.2695 	 31.0240 1.3613 	 27.3560 1.3438 	 27.4140 1.3539 
19 	 26.6380 1.2507 	 36.8540 1.7108 	 27.0680 1.1453 	 29.7840 1.3323 	 25.3020 1.1981 	 25.3360 1.1946 
20 	 29.4320 1.2083 	 40.4540 1.8405 	 29.6480 1.2440 	 34.8280 1.5580 	 31.2840 1.5069 	 31.3240 1.5226 
21 	 32.0780 1.1946 	 42.7400 1.7894 	 31.9480 1.2052 	 36.2980 1.4468 	 33.9340 1.5023 	 33.9480 1.5175 
22 	 23.4160 1.1241 	 35.5000 1.6087 	 23.7740 1.0145 	 28.0440 1.3435 	 24.6200 1.0993 	 24.6360 1.0893 
23 	 26.1180 1.1310 	 38.8780 1.9388 	 25.7440 1.1152 	 29.5520 1.2962 	 28.0600 1.5602 	 28.0840 1.5669 
24 	 27.4640 1.2153 	 34.8680 1.7142 	 27.4580 1.3663 	 28.1960 1.2751 	 25.0860 1.2161 	 25.1060 1.2028 
25 	 21.3020 1.1995 	 36.1580 1.5288 	 21.5740 1.0949 	 27.8920 1.1643 	 24.2720 0.9469 	 24.2620 0.9605 
26 	 33.2360 1.3386 	 41.7480 1.9400 	 33.3160 1.3687 	 36.4740 1.6917 	 32.7780 1.2861 	 32.7880 1.2936 
27 	 28.3740 1.2364 	 40.9680 1.7386 	 28.7600 1.2614 	 34.7620 1.5642 	 31.8180 1.4940 	 31.8020 1.5180 
28 	 20.4440 0.9647 	 27.5780 1.5069 	 20.6740 0.9028 	 21.0720 0.9915 	 17.6280 0.9513 	 17.7040 0.9541 
29 	 37.0040 1.7775 	 40.5840 1.6829 	 36.4300 1.6557 	 37.0660 1.5891 	 33.0700 1.4291 	 33.0980 1.4149 
30 	 22.3740 1.0228 	 33.4040 1.6682 	 22.0060 1.0302 	 24.0840 1.2627 	 21.6840 1.2605 	 21.7200 1.2614 
31 	 41.5460 1.6428 	 46.3820 2.0253 	 41.3640 1.5241 	 43.5340 1.9332 	 38.3640 1.5682 	 38.4340 1.6161 
32 	 29.5100 1.2894 	 39.9240 1.8186 	 29.5760 1.2815 	 32.1660 1.4744 	 28.5440 1.4937 	 28.5760 1.4951 
33 	 26.3920 1.3478 	 39.4800 1.6875 	 26.7860 1.2369 	 32.9480 1.6009 	 29.3140 1.3059 	 29.3240 1.3588 
34 	 32.9820 1.3454 	 41.9160 1.8189 	 32.7960 1.3221 	 37.0040 1.5694 	 33.6540 1.5223 	 33.7100 1.5612 
35 	 21.7580 1.0211 	 34.6580 1.6407 	 22.5020 1.0271 	 27.3820 1.1755 	 23.6260 1.1928 	 23.6520 1.1702 
36 	 27.5180 1.2417 	 36.9040 1.6299 	 26.5720 1.1442 	 30.5600 1.3309 	 28.1000 1.4012 	 28.1980 1.4552 
37 	 35.1320 1.4843 	 39.7000 1.7123 	 34.7120 1.2774 	 35.3480 1.5921 	 31.9000 1.5267 	 31.9320 1.5398 
38 	 22.2560 1.3532 	 35.1320 1.4741 	 22.6480 1.2128 	 27.7120 1.2405 	 24.0420 1.2228 	 24.0440 1.2169 
39 	 24.9000 1.3443 	 39.9580 1.6763 	 24.9600 1.0776 	 32.8200 1.4334 	 29.1960 1.2741 	 29.1900 1.2894 
40 	 40.7500 1.5912 	 47.9260 1.9392 	 40.2100 1.4037 	 45.0120 1.8510 	 41.0700 1.9379 	 41.1300 1.9335 
41 	 26.3820 1.2617 	 39.5600 1.7389 	 26.5520 1.3095 	 32.6040 1.5295 	 28.6600 1.0369 	 28.6680 1.0534 
42 	 25.6940 1.3037 	 36.8940 1.6403 	 25.3320 1.2048 	 29.2720 1.4819 	 27.1540 1.3701 	 27.1960 1.3698 
43 	 31.6220 1.4436 	 40.6700 2.0315 	 31.1240 1.3736 	 34.9880 1.6740 	 31.1800 1.4535 	 31.2700 1.4692 
44 	 25.6200 1.2529 	 39.5360 1.7677 	 25.4840 1.3364 	 32.5560 1.4112 	 28.5700 1.4908 	 28.5980 1.5185 
45 	 28.8680 1.4744 	 40.5880 1.9951 	 28.7940 1.3910 	 33.9420 1.5230 	 30.5180 1.4165 	 30.4940 1.4395 
