Task 	 PA 	 PA_NV 	 PA_SL 	 HetOTL 	 HetOTL_SL 	 OTLHS 
1 	 95.9420 0.7316 	 77.6700 2.1334 	 97.4720 0.6020 	 179.1000 2.7843 	 289.4600 4.2615 	 289.6640 4.2377 
2 	 81.4380 1.4281 	 73.0640 1.8131 	 83.6980 1.2555 	 151.1720 3.4909 	 248.6240 5.4660 	 249.3600 5.6014 
3 	 92.9640 1.0713 	 76.8260 1.9601 	 94.5040 0.9833 	 170.2840 3.4849 	 269.4200 5.3468 	 269.9200 5.4077 
4 	 96.3540 0.8135 	 79.4080 1.8111 	 97.7900 0.5821 	 181.0280 2.5781 	 294.7560 4.6247 	 295.1440 4.6321 
5 	 88.7960 1.1634 	 76.9880 1.8306 	 90.9260 0.9870 	 166.7800 2.7066 	 275.6720 5.0511 	 275.9880 5.3019 
6 	 88.6880 1.0781 	 72.9240 1.7400 	 90.7100 0.9378 	 161.9520 3.1095 	 260.1080 4.4921 	 260.4720 4.4445 
7 	 88.6000 1.3327 	 80.6120 1.7516 	 91.5860 1.2251 	 169.5040 2.7859 	 307.5840 4.1604 	 308.1000 4.1540 
8 	 91.7860 1.2021 	 79.7280 1.7495 	 94.5000 0.9503 	 173.7360 3.1322 	 299.1440 5.3312 	 299.2440 5.2293 
9 	 88.5880 1.2876 	 76.1220 1.9307 	 91.0660 1.2339 	 166.3600 3.2697 	 268.3760 4.2476 	 268.5800 4.4493 
10 	 95.2580 0.8633 	 77.0300 1.8338 	 96.9980 0.8459 	 176.6080 2.8605 	 288.6480 4.7658 	 288.9120 4.8007 
11 	 88.2060 1.1383 	 74.2460 1.6312 	 90.6180 0.9807 	 162.0880 2.8362 	 263.2640 4.7776 	 263.4640 4.8269 
12 	 97.4420 0.6662 	 78.5060 1.9454 	 98.4200 0.5307 	 179.6680 2.7777 	 303.1760 5.1608 	 303.6200 5.1566 
13 	 91.6000 1.0375 	 79.3540 1.7940 	 94.1540 0.8243 	 174.4520 2.5020 	 287.9720 4.4358 	 288.0520 4.4888 
14 	 83.0560 1.3999 	 74.5420 2.0196 	 85.3640 1.2717 	 154.2560 3.9103 	 255.7800 5.1919 	 256.0320 5.2056 
15 	 91.2560 1.2054 	 75.2280 2.0275 	 93.4400 1.0281 	 164.9240 3.1882 	 271.7520 5.5965 	 272.0080 5.5687 
16 	 95.8060 0.7936 	 80.6400 1.9322 	 97.5060 0.6596 	 180.7800 2.6260 	 299.9520 5.0696 	 300.0080 5.0727 
17 	 90.9920 1.1741 	 76.6020 2.0342 	 93.8780 1.0245 	 170.8480 3.2582 	 289.3600 4.5699 	 289.5960 4.4678 
18 	 90.4060 1.0462 	 75.8880 1.7806 	 92.6240 0.8605 	 169.1440 3.0484 	 274.1640 5.0472 	 274.3240 5.0723 
19 	 90.2160 1.1570 	 74.5940 1.8516 	 91.8680 0.9343 	 165.5040 3.3684 	 264.5960 4.4399 	 265.0000 4.3139 
20 	 91.6260 0.9310 	 77.2900 1.9017 	 93.7220 0.8025 	 172.9440 2.7328 	 286.1800 4.5828 	 286.2280 4.6835 
21 	 91.8900 1.0789 	 80.9540 1.5977 	 94.4880 0.8905 	 175.1400 2.8622 	 313.1800 4.3893 	 313.1760 4.4071 
22 	 91.2760 0.9589 	 75.2520 1.7808 	 93.7760 0.8216 	 169.0720 2.9580 	 264.7680 4.7938 	 265.1000 4.9024 
23 	 84.6380 1.3069 	 77.7560 1.7036 	 87.4420 1.2812 	 161.6720 3.0353 	 298.4600 4.5367 	 298.7520 4.5416 
24 	 89.7520 1.3460 	 75.3360 1.7809 	 92.1600 1.1013 	 163.9880 3.3328 	 269.1400 4.6081 	 269.4560 4.7402 
25 	 87.7360 1.0030 	 75.4780 1.8865 	 90.6620 1.0037 	 165.1560 3.2441 	 264.4560 4.4712 	 264.7080 4.4581 
26 	 93.2720 1.0338 	 80.4040 1.7380 	 95.6140 0.7719 	 178.2800 2.7722 	 309.3480 3.9560 	 309.4320 3.9546 
27 	 92.4800 0.9814 	 81.0080 1.4653 	 95.0620 0.8354 	 177.2520 2.7264 	 299.0800 4.4725 	 299.2720 4.4912 
28 	 79.3820 1.1666 	 66.1100 1.9826 	 81.3100 1.1534 	 141.4600 3.5283 	 224.5520 4.8281 	 225.0080 4.9650 
29 	 89.7740 1.4150 	 77.5500 1.8096 	 93.1160 1.1793 	 169.0720 2.8329 	 276.0080 5.1621 	 276.5120 5.1064 
30 	 79.2780 1.3333 	 72.3920 1.7272 	 81.9760 1.2028 	 147.1960 3.7383 	 242.6760 5.0516 	 243.2280 4.9010 
31 	 97.4780 0.6986 	 80.9360 1.8001 	 98.4660 0.5571 	 184.1920 2.3244 	 319.1400 4.9415 	 319.5280 5.0537 
32 	 89.2360 1.0822 	 77.2400 1.9240 	 91.4080 1.0552 	 165.4520 3.0925 	 275.6000 4.8652 	 275.8200 4.7514 
33 	 92.3880 0.9814 	 75.8340 2.0287 	 94.7020 0.8648 	 170.8800 3.2262 	 279.8120 4.9340 	 280.2240 4.9188 
34 	 91.8180 1.0892 	 78.0120 1.8789 	 94.2960 0.9705 	 172.6400 3.0759 	 297.8000 4.8344 	 297.9680 4.8648 
35 	 90.1060 1.1048 	 71.4180 1.9330 	 92.5240 0.8701 	 161.8000 3.2899 	 256.9840 4.8193 	 257.3240 4.8694 
36 	 82.7880 1.4677 	 72.9880 1.7895 	 85.9000 1.3443 	 158.2800 3.9289 	 286.4640 5.1095 	 286.9320 5.2327 
37 	 91.7400 1.1143 	 76.2000 2.0615 	 94.2040 0.9351 	 169.1640 3.0149 	 282.4400 4.9900 	 282.6680 5.0167 
38 	 89.0480 1.2250 	 72.9620 1.8973 	 91.8520 1.0133 	 162.9840 3.4119 	 260.2360 4.9250 	 260.5000 5.0518 
39 	 90.7340 1.0277 	 76.8980 1.7804 	 92.8580 0.8905 	 171.0600 2.9860 	 281.8160 4.7426 	 281.9840 4.6132 
40 	 94.9980 0.9422 	 83.7000 1.4235 	 96.8340 0.7733 	 182.5720 2.3806 	 327.8120 4.2192 	 327.9360 4.3275 
41 	 91.4700 0.9804 	 78.5300 1.7159 	 93.6660 0.8886 	 174.3320 2.7497 	 292.3960 4.2914 	 292.5880 4.3897 
42 	 82.8480 1.4100 	 76.3040 1.6197 	 85.4680 1.2290 	 159.1320 3.3918 	 274.3840 5.4624 	 274.6080 5.4183 
43 	 89.7660 1.2104 	 79.0580 1.7708 	 91.9260 1.0338 	 170.1520 3.0731 	 300.7800 4.5566 	 301.1240 4.5588 
44 	 89.8840 1.0591 	 77.9420 1.6089 	 91.9980 0.7952 	 170.6960 2.8825 	 287.2760 4.6577 	 287.6160 4.6488 
45 	 90.6460 1.1166 	 78.2360 1.6912 	 93.3100 0.9464 	 173.2160 2.6847 	 295.5640 4.5430 	 295.9280 4.6514 
