Task 	 PA 	 PA_NV 	 PA_SL 	 HetOTL 	 HetOTL_SL 	 OTLHS 
1 	 0.0058 0.0014 	 0.0145 0.0033 	 0.0102 0.0024 	 0.0180 0.0039 	 0.0364 0.0074 	 0.0368 0.0075 
2 	 0.0052 0.0012 	 0.0144 0.0032 	 0.0096 0.0022 	 0.0172 0.0037 	 0.0348 0.0073 	 0.0348 0.0073 
3 	 0.0053 0.0012 	 0.0142 0.0029 	 0.0096 0.0022 	 0.0177 0.0037 	 0.0359 0.0072 	 0.0361 0.0072 
4 	 0.0059 0.0014 	 0.0149 0.0032 	 0.0105 0.0024 	 0.0186 0.0039 	 0.0375 0.0075 	 0.0380 0.0077 
5 	 0.0051 0.0012 	 0.0142 0.0029 	 0.0093 0.0021 	 0.0175 0.0036 	 0.0362 0.0068 	 0.0359 0.0069 
6 	 0.0054 0.0013 	 0.0154 0.0034 	 0.0098 0.0022 	 0.0187 0.0041 	 0.0375 0.0076 	 0.0368 0.0072 
7 	 0.0054 0.0013 	 0.0151 0.0032 	 0.0105 0.0024 	 0.0184 0.0040 	 0.0393 0.0079 	 0.0384 0.0076 
8 	 0.0058 0.0014 	 0.0158 0.0035 	 0.0111 0.0025 	 0.0191 0.0041 	 0.0404 0.0080 	 0.0405 0.0081 
9 	 0.0054 0.0013 	 0.0148 0.0032 	 0.0097 0.0022 	 0.0176 0.0037 	 0.0361 0.0073 	 0.0361 0.0071 
10 	 0.0054 0.0012 	 0.0145 0.0030 	 0.0097 0.0022 	 0.0178 0.0038 	 0.0368 0.0071 	 0.0361 0.0066 
11 	 0.0070 0.0006 	 0.0197 0.0007 	 0.0128 0.0009 	 0.0237 0.0019 	 0.0480 0.0027 	 0.0479 0.0027 
12 	 0.0070 0.0012 	 0.0185 0.0031 	 0.0129 0.0021 	 0.0233 0.0036 	 0.0476 0.0067 	 0.0476 0.0068 
13 	 0.0067 0.0012 	 0.0183 0.0031 	 0.0124 0.0021 	 0.0224 0.0039 	 0.0459 0.0074 	 0.0457 0.0073 
14 	 0.0063 0.0012 	 0.0179 0.0032 	 0.0117 0.0020 	 0.0221 0.0036 	 0.0443 0.0073 	 0.0449 0.0067 
15 	 0.0068 0.0010 	 0.0187 0.0026 	 0.0123 0.0020 	 0.0229 0.0034 	 0.0465 0.0059 	 0.0464 0.0062 
16 	 0.0068 0.0013 	 0.0183 0.0032 	 0.0120 0.0023 	 0.0229 0.0039 	 0.0468 0.0073 	 0.0462 0.0077 
17 	 0.0063 0.0013 	 0.0176 0.0033 	 0.0119 0.0025 	 0.0221 0.0038 	 0.0451 0.0078 	 0.0447 0.0078 
18 	 0.0066 0.0013 	 0.0184 0.0030 	 0.0122 0.0022 	 0.0227 0.0038 	 0.0460 0.0067 	 0.0455 0.0072 
19 	 0.0063 0.0013 	 0.0177 0.0034 	 0.0114 0.0024 	 0.0211 0.0043 	 0.0434 0.0076 	 0.0421 0.0080 
20 	 0.0060 0.0015 	 0.0167 0.0036 	 0.0111 0.0026 	 0.0203 0.0045 	 0.0424 0.0083 	 0.0417 0.0085 
21 	 0.0063 0.0014 	 0.0175 0.0036 	 0.0122 0.0026 	 0.0216 0.0043 	 0.0457 0.0082 	 0.0454 0.0084 
22 	 0.0056 0.0014 	 0.0158 0.0037 	 0.0101 0.0025 	 0.0191 0.0044 	 0.0387 0.0084 	 0.0386 0.0083 
23 	 0.0062 0.0012 	 0.0177 0.0035 	 0.0125 0.0025 	 0.0213 0.0041 	 0.0451 0.0082 	 0.0455 0.0080 
24 	 0.0064 0.0012 	 0.0179 0.0034 	 0.0118 0.0023 	 0.0218 0.0041 	 0.0444 0.0071 	 0.0436 0.0077 
25 	 0.0059 0.0014 	 0.0170 0.0035 	 0.0106 0.0024 	 0.0208 0.0043 	 0.0420 0.0079 	 0.0412 0.0081 
26 	 0.0063 0.0014 	 0.0175 0.0037 	 0.0122 0.0027 	 0.0216 0.0044 	 0.0451 0.0086 	 0.0449 0.0085 
27 	 0.0066 0.0013 	 0.0180 0.0034 	 0.0123 0.0024 	 0.0218 0.0044 	 0.0454 0.0082 	 0.0448 0.0082 
28 	 0.0062 0.0011 	 0.0182 0.0028 	 0.0115 0.0018 	 0.0221 0.0032 	 0.0435 0.0061 	 0.0438 0.0059 
29 	 0.0066 0.0013 	 0.0179 0.0033 	 0.0120 0.0024 	 0.0221 0.0041 	 0.0453 0.0071 	 0.0446 0.0077 
30 	 0.0058 0.0012 	 0.0172 0.0035 	 0.0108 0.0022 	 0.0209 0.0042 	 0.0421 0.0077 	 0.0414 0.0077 
31 	 0.0067 0.0014 	 0.0180 0.0033 	 0.0125 0.0025 	 0.0219 0.0045 	 0.0463 0.0081 	 0.0458 0.0083 
32 	 0.0061 0.0013 	 0.0173 0.0034 	 0.0112 0.0024 	 0.0207 0.0044 	 0.0425 0.0083 	 0.0413 0.0086 
33 	 0.0062 0.0014 	 0.0170 0.0037 	 0.0113 0.0025 	 0.0209 0.0044 	 0.0428 0.0081 	 0.0421 0.0083 
34 	 0.0065 0.0013 	 0.0180 0.0034 	 0.0122 0.0024 	 0.0222 0.0040 	 0.0458 0.0079 	 0.0465 0.0071 
35 	 0.0061 0.0013 	 0.0169 0.0036 	 0.0112 0.0024 	 0.0206 0.0043 	 0.0417 0.0077 	 0.0419 0.0079 
36 	 0.0059 0.0013 	 0.0169 0.0035 	 0.0118 0.0025 	 0.0208 0.0042 	 0.0439 0.0080 	 0.0434 0.0081 
37 	 0.0065 0.0013 	 0.0178 0.0033 	 0.0121 0.0023 	 0.0217 0.0041 	 0.0450 0.0078 	 0.0447 0.0075 
38 	 0.0061 0.0013 	 0.0171 0.0035 	 0.0113 0.0024 	 0.0214 0.0041 	 0.0426 0.0080 	 0.0426 0.0079 
39 	 0.0060 0.0014 	 0.0168 0.0035 	 0.0113 0.0025 	 0.0211 0.0043 	 0.0426 0.0079 	 0.0425 0.0080 
40 	 0.0062 0.0015 	 0.0174 0.0036 	 0.0121 0.0028 	 0.0217 0.0045 	 0.0462 0.0087 	 0.0451 0.0088 
41 	 0.0065 0.0013 	 0.0181 0.0034 	 0.0122 0.0024 	 0.0223 0.0042 	 0.0461 0.0075 	 0.0449 0.0083 
42 	 0.0059 0.0013 	 0.0173 0.0036 	 0.0112 0.0025 	 0.0209 0.0042 	 0.0440 0.0077 	 0.0428 0.0083 
43 	 0.0065 0.0012 	 0.0186 0.0030 	 0.0125 0.0024 	 0.0222 0.0041 	 0.0468 0.0076 	 0.0454 0.0082 
44 	 0.0068 0.0010 	 0.0188 0.0028 	 0.0129 0.0019 	 0.0232 0.0032 	 0.0475 0.0063 	 0.0473 0.0064 
45 	 0.0060 0.0014 	 0.0170 0.0036 	 0.0116 0.0026 	 0.0208 0.0045 	 0.0440 0.0083 	 0.0424 0.0085 
