Task 	 PA 	 PA_NV 	 PA_SL 	 HetOTL 	 HetOTL_SL 	 OTLHS 
1 	 84.7820 1.5565 	 72.6880 2.3423 	 91.7000 1.1376 	 165.6320 3.7224 	 317.0120 4.8119 	 316.7600 4.7344 
2 	 70.9400 1.8378 	 72.8500 2.1758 	 77.8740 1.5964 	 142.6640 3.6227 	 265.4920 4.8261 	 265.7080 4.8378 
3 	 82.4800 1.6146 	 73.6520 2.2856 	 89.2160 1.4292 	 159.3880 3.9498 	 300.7880 4.4293 	 300.5400 4.5552 
4 	 86.6420 1.4040 	 73.5860 2.1917 	 93.1100 1.1485 	 167.1880 3.2419 	 310.7600 4.6970 	 310.3040 4.6710 
5 	 76.7180 1.7709 	 73.2720 2.2146 	 83.9620 1.5773 	 152.5240 3.7522 	 294.4160 4.7611 	 294.2240 4.6759 
6 	 75.3120 1.5803 	 73.6520 2.0908 	 82.8020 1.3945 	 151.3280 3.3092 	 288.4520 4.4308 	 288.2880 4.3689 
7 	 78.5900 1.9110 	 74.5020 2.0756 	 86.4580 1.6801 	 153.2840 4.0948 	 304.1360 4.9685 	 303.4200 4.7391 
8 	 81.6500 1.6979 	 73.3980 2.0861 	 89.4780 1.5151 	 158.3600 3.3910 	 306.6080 4.7637 	 306.0240 4.8188 
9 	 77.1740 1.7734 	 73.5980 1.9857 	 84.4540 1.5939 	 154.0440 3.9655 	 282.5480 4.9852 	 282.5040 5.0451 
10 	 84.3820 1.4986 	 73.1740 2.1119 	 91.1100 1.2425 	 164.3280 3.7387 	 314.5240 4.0337 	 314.2120 3.9681 
11 	 75.3720 1.7051 	 73.0040 2.2258 	 82.6420 1.5772 	 151.2600 3.8309 	 282.6560 4.7337 	 282.5960 4.7098 
12 	 86.5260 1.5514 	 73.3420 2.2153 	 93.0260 1.2166 	 166.5960 3.7084 	 322.5720 4.5477 	 322.1280 4.5734 
13 	 78.3940 1.8945 	 73.0900 2.2485 	 86.0500 1.7154 	 157.6080 3.7571 	 291.3720 4.2815 	 291.3960 4.2657 
14 	 73.0760 1.7544 	 73.1200 2.4052 	 80.2380 1.7949 	 144.7920 3.6408 	 277.1840 4.8141 	 277.2560 4.9450 
15 	 80.6480 1.6875 	 73.1400 2.3967 	 87.9420 1.4799 	 157.0360 4.3104 	 306.8760 4.4476 	 306.6680 4.4320 
16 	 85.0560 1.4177 	 73.3500 2.1239 	 91.6420 1.2028 	 164.9720 3.6048 	 312.4840 4.8991 	 312.1680 4.9437 
17 	 79.3460 1.6068 	 73.1400 2.1138 	 86.8940 1.4317 	 158.4120 3.6304 	 299.7560 3.8898 	 299.4960 3.9552 
18 	 77.3060 1.7633 	 73.4900 2.1926 	 84.6000 1.5937 	 154.9480 3.8327 	 286.4560 4.3825 	 286.1640 4.3696 
19 	 76.9460 1.6428 	 73.3320 2.1269 	 84.4340 1.4634 	 153.2360 3.4179 	 287.1960 5.0796 	 287.0520 4.9572 
20 	 80.3620 1.5371 	 73.3020 2.3070 	 87.2720 1.3235 	 158.9440 3.8086 	 296.8520 4.7139 	 296.7600 4.7327 
21 	 79.7680 1.4920 	 74.5860 2.0911 	 87.4760 1.4093 	 157.1760 3.3028 	 308.5840 4.7823 	 307.9440 4.6488 
22 	 77.4020 1.4277 	 73.3460 2.2682 	 85.0600 1.2686 	 157.5720 3.5260 	 291.8600 4.3970 	 291.6800 4.3851 
23 	 72.9160 1.8242 	 74.0400 2.1097 	 80.1940 1.6881 	 143.8840 3.6026 	 288.1760 5.2448 	 287.8960 5.2848 
24 	 76.2780 1.4999 	 73.3480 2.0852 	 83.7320 1.3962 	 151.7280 3.5691 	 292.8200 4.2303 	 292.6960 4.3665 
25 	 74.2400 1.6025 	 73.0280 1.8295 	 81.8300 1.3939 	 152.7760 3.4329 	 280.5240 4.3835 	 280.6360 4.2875 
26 	 81.7460 1.7974 	 73.6100 2.0242 	 89.0000 1.4154 	 160.5760 3.8064 	 302.1560 4.6626 	 301.7760 4.6835 
27 	 80.8360 1.5963 	 74.3320 2.0349 	 88.5420 1.4431 	 161.4480 3.6073 	 302.0120 4.6510 	 301.8560 4.6833 
28 	 68.4040 1.5642 	 72.5420 2.3765 	 75.5460 1.4771 	 139.8000 3.6733 	 266.5760 4.4554 	 266.8120 4.4533 
29 	 81.3660 1.8927 	 73.3280 2.2435 	 89.5980 1.7007 	 157.7160 4.6056 	 300.8640 4.6539 	 300.5040 4.8358 
30 	 68.3620 1.7206 	 73.4820 2.0440 	 75.8300 1.5380 	 140.4600 3.4114 	 271.3480 4.3927 	 272.1200 4.4667 
31 	 88.1620 1.5009 	 74.5220 2.2361 	 94.0180 1.1827 	 167.7640 3.4946 	 327.1920 4.2515 	 326.8080 4.2351 
32 	 78.4760 1.7555 	 73.4760 2.3315 	 85.8600 1.5644 	 155.0400 4.1100 	 299.7240 4.6092 	 299.4200 4.7782 
33 	 79.6960 1.6252 	 72.8800 2.2423 	 87.1080 1.1825 	 158.9720 3.9255 	 298.2760 4.5082 	 297.8600 4.4984 
34 	 79.6220 1.6458 	 73.0500 2.2321 	 86.9860 1.4231 	 156.5160 3.7391 	 302.6280 4.1446 	 302.3560 4.0197 
35 	 75.6900 1.6606 	 72.5260 2.5357 	 83.5460 1.6022 	 154.6400 4.0101 	 289.2680 4.5123 	 289.1360 4.6001 
36 	 71.9080 1.9847 	 71.4020 2.2088 	 78.9380 1.6592 	 143.7920 3.9066 	 276.5200 4.6736 	 276.6440 4.7444 
37 	 80.2060 1.6449 	 72.9800 2.0998 	 87.9900 1.4336 	 156.5520 3.5193 	 306.8000 4.5685 	 306.2640 4.4561 
38 	 75.7360 1.5883 	 72.7280 2.5277 	 83.6900 1.3776 	 154.9080 3.8589 	 288.1840 4.0424 	 288.2200 4.0631 
39 	 77.5560 1.6304 	 73.5760 1.9530 	 84.6900 1.3779 	 155.2280 3.8161 	 287.1080 4.9147 	 287.1360 4.9602 
40 	 84.2840 1.8084 	 75.1900 1.8659 	 91.3020 1.4155 	 161.0360 3.9217 	 311.9480 4.5705 	 311.2240 4.5804 
41 	 78.5180 1.7914 	 74.5340 2.2195 	 85.8140 1.4203 	 156.9720 3.9770 	 290.5600 4.8262 	 290.4080 4.7682 
42 	 71.0200 1.6545 	 74.2000 2.0785 	 78.0620 1.7265 	 142.7680 3.5644 	 272.5400 4.5930 	 272.7560 4.6851 
43 	 77.5960 1.7997 	 74.7800 2.1159 	 84.6420 1.3228 	 152.7920 3.5478 	 295.6200 3.9823 	 295.4320 4.0214 
44 	 77.0380 1.7204 	 74.4580 2.2565 	 84.1460 1.5735 	 154.7920 3.4292 	 285.9480 4.3234 	 286.3840 4.2156 
45 	 77.6060 1.5022 	 73.3760 2.0403 	 85.1080 1.2609 	 155.8560 3.6415 	 294.4120 5.3353 	 294.0440 5.2246 
