Task 	 PA 	 PA_NV 	 PA_SL 	 HetOTL 	 HetOTL_SL 	 OTLHS 
1 	 0.0051 0.0012 	 0.0119 0.0026 	 0.0105 0.0023 	 0.0153 0.0033 	 0.0330 0.0063 	 0.0330 0.0075 
2 	 0.0046 0.0011 	 0.0116 0.0025 	 0.0099 0.0021 	 0.0143 0.0030 	 0.0302 0.0056 	 0.0302 0.0060 
3 	 0.0051 0.0012 	 0.0121 0.0026 	 0.0106 0.0024 	 0.0154 0.0033 	 0.0330 0.0068 	 0.0326 0.0066 
4 	 0.0055 0.0014 	 0.0126 0.0030 	 0.0113 0.0027 	 0.0166 0.0038 	 0.0345 0.0075 	 0.0344 0.0073 
5 	 0.0051 0.0014 	 0.0126 0.0030 	 0.0109 0.0026 	 0.0160 0.0035 	 0.0341 0.0071 	 0.0341 0.0073 
6 	 0.0048 0.0011 	 0.0120 0.0026 	 0.0104 0.0023 	 0.0147 0.0028 	 0.0319 0.0061 	 0.0321 0.0063 
7 	 0.0048 0.0010 	 0.0120 0.0027 	 0.0105 0.0023 	 0.0154 0.0033 	 0.0329 0.0066 	 0.0328 0.0067 
8 	 0.0050 0.0011 	 0.0120 0.0025 	 0.0106 0.0023 	 0.0151 0.0030 	 0.0331 0.0066 	 0.0327 0.0064 
9 	 0.0047 0.0010 	 0.0121 0.0027 	 0.0103 0.0022 	 0.0150 0.0029 	 0.0321 0.0061 	 0.0314 0.0056 
10 	 0.0050 0.0011 	 0.0118 0.0023 	 0.0106 0.0023 	 0.0155 0.0032 	 0.0332 0.0065 	 0.0327 0.0061 
11 	 0.0051 0.0013 	 0.0123 0.0028 	 0.0109 0.0026 	 0.0156 0.0035 	 0.0330 0.0075 	 0.0325 0.0068 
12 	 0.0054 0.0013 	 0.0123 0.0026 	 0.0110 0.0027 	 0.0158 0.0033 	 0.0341 0.0069 	 0.0339 0.0067 
13 	 0.0053 0.0013 	 0.0128 0.0029 	 0.0112 0.0027 	 0.0163 0.0036 	 0.0345 0.0073 	 0.0346 0.0074 
14 	 0.0050 0.0012 	 0.0128 0.0031 	 0.0107 0.0025 	 0.0158 0.0036 	 0.0338 0.0073 	 0.0326 0.0069 
15 	 0.0048 0.0011 	 0.0114 0.0022 	 0.0101 0.0020 	 0.0146 0.0026 	 0.0318 0.0052 	 0.0323 0.0068 
16 	 0.0052 0.0012 	 0.0125 0.0027 	 0.0111 0.0026 	 0.0159 0.0033 	 0.0339 0.0066 	 0.0339 0.0071 
17 	 0.0050 0.0012 	 0.0121 0.0025 	 0.0106 0.0024 	 0.0150 0.0028 	 0.0325 0.0063 	 0.0322 0.0058 
18 	 0.0048 0.0011 	 0.0119 0.0025 	 0.0102 0.0020 	 0.0150 0.0030 	 0.0315 0.0056 	 0.0313 0.0057 
19 	 0.0047 0.0011 	 0.0119 0.0023 	 0.0104 0.0024 	 0.0149 0.0029 	 0.0317 0.0061 	 0.0313 0.0057 
20 	 0.0051 0.0012 	 0.0121 0.0025 	 0.0107 0.0025 	 0.0156 0.0034 	 0.0328 0.0064 	 0.0331 0.0067 
21 	 0.0050 0.0012 	 0.0124 0.0027 	 0.0107 0.0024 	 0.0154 0.0033 	 0.0336 0.0070 	 0.0328 0.0064 
22 	 0.0051 0.0013 	 0.0125 0.0028 	 0.0107 0.0025 	 0.0157 0.0034 	 0.0337 0.0070 	 0.0325 0.0065 
23 	 0.0047 0.0011 	 0.0119 0.0024 	 0.0104 0.0023 	 0.0146 0.0028 	 0.0318 0.0062 	 0.0316 0.0060 
24 	 0.0049 0.0013 	 0.0123 0.0028 	 0.0106 0.0025 	 0.0152 0.0031 	 0.0331 0.0084 	 0.0328 0.0066 
25 	 0.0049 0.0012 	 0.0125 0.0028 	 0.0107 0.0025 	 0.0153 0.0032 	 0.0327 0.0067 	 0.0324 0.0067 
26 	 0.0048 0.0009 	 0.0118 0.0024 	 0.0102 0.0021 	 0.0153 0.0031 	 0.0325 0.0060 	 0.0320 0.0057 
27 	 0.0051 0.0013 	 0.0125 0.0027 	 0.0107 0.0024 	 0.0157 0.0032 	 0.0336 0.0068 	 0.0331 0.0067 
28 	 0.0046 0.0011 	 0.0121 0.0027 	 0.0101 0.0023 	 0.0149 0.0032 	 0.0315 0.0063 	 0.0311 0.0062 
29 	 0.0049 0.0011 	 0.0118 0.0024 	 0.0105 0.0023 	 0.0148 0.0029 	 0.0322 0.0061 	 0.0322 0.0060 
30 	 0.0047 0.0012 	 0.0123 0.0026 	 0.0105 0.0024 	 0.0152 0.0032 	 0.0322 0.0065 	 0.0317 0.0062 
31 	 0.0053 0.0012 	 0.0123 0.0026 	 0.0109 0.0024 	 0.0155 0.0030 	 0.0337 0.0062 	 0.0340 0.0068 
32 	 0.0047 0.0010 	 0.0117 0.0022 	 0.0101 0.0021 	 0.0150 0.0031 	 0.0318 0.0056 	 0.0314 0.0053 
33 	 0.0050 0.0012 	 0.0120 0.0025 	 0.0105 0.0023 	 0.0153 0.0032 	 0.0333 0.0069 	 0.0323 0.0064 
34 	 0.0048 0.0011 	 0.0119 0.0027 	 0.0104 0.0023 	 0.0151 0.0033 	 0.0326 0.0065 	 0.0323 0.0065 
35 	 0.0048 0.0011 	 0.0119 0.0025 	 0.0103 0.0023 	 0.0150 0.0031 	 0.0320 0.0063 	 0.0316 0.0061 
36 	 0.0048 0.0012 	 0.0120 0.0025 	 0.0105 0.0024 	 0.0152 0.0032 	 0.0321 0.0065 	 0.0315 0.0064 
37 	 0.0052 0.0012 	 0.0123 0.0028 	 0.0109 0.0025 	 0.0156 0.0034 	 0.0333 0.0067 	 0.0333 0.0069 
38 	 0.0050 0.0012 	 0.0125 0.0029 	 0.0108 0.0025 	 0.0160 0.0036 	 0.0334 0.0068 	 0.0331 0.0070 
39 	 0.0048 0.0011 	 0.0117 0.0024 	 0.0103 0.0022 	 0.0150 0.0031 	 0.0316 0.0062 	 0.0315 0.0057 
40 	 0.0048 0.0010 	 0.0114 0.0022 	 0.0102 0.0021 	 0.0144 0.0024 	 0.0315 0.0051 	 0.0312 0.0053 
41 	 0.0055 0.0027 	 0.0129 0.0036 	 0.0115 0.0039 	 0.0164 0.0050 	 0.0341 0.0078 	 0.0349 0.0090 
42 	 0.0046 0.0011 	 0.0118 0.0024 	 0.0102 0.0022 	 0.0150 0.0032 	 0.0309 0.0058 	 0.0313 0.0065 
43 	 0.0052 0.0013 	 0.0129 0.0029 	 0.0110 0.0025 	 0.0164 0.0038 	 0.0344 0.0072 	 0.0341 0.0072 
44 	 0.0047 0.0009 	 0.0120 0.0024 	 0.0103 0.0020 	 0.0152 0.0031 	 0.0324 0.0066 	 0.0318 0.0060 
45 	 0.0049 0.0012 	 0.0121 0.0029 	 0.0107 0.0025 	 0.0153 0.0033 	 0.0327 0.0067 	 0.0321 0.0061 
