Task 	 PA 	 PA_NV 	 PA_SL 	 HetOTL 	 HetOTL_SL 	 OTLHS 
1 	 37.8300 1.6422 	 49.9040 2.1930 	 37.4860 1.6598 	 44.6100 1.8872 	 39.7800 1.9034 	 39.8280 1.9228 
2 	 27.5600 1.2937 	 50.1540 2.2969 	 26.5300 1.2225 	 32.5220 1.3908 	 28.3920 1.5276 	 28.6380 1.5551 
3 	 38.2820 1.8077 	 50.3400 2.2607 	 37.3980 1.6237 	 43.1380 2.0889 	 37.4980 1.8232 	 37.5540 1.8569 
4 	 41.6700 1.7402 	 50.0800 2.0044 	 41.2420 1.6813 	 46.7360 2.1365 	 42.3980 1.7692 	 42.4600 1.7781 
5 	 32.7200 1.5106 	 49.9940 2.1054 	 31.6460 1.3558 	 37.9440 1.6471 	 34.1980 1.7320 	 34.2760 1.7430 
6 	 30.8020 1.4336 	 50.6180 2.3066 	 29.8620 1.2083 	 36.7460 1.7514 	 32.2520 1.8450 	 32.4180 1.8275 
7 	 40.0800 1.8344 	 50.1160 2.3395 	 38.6060 1.5428 	 43.0880 1.8576 	 42.2380 2.0482 	 42.4880 2.0686 
8 	 42.8920 2.0071 	 49.9400 2.0549 	 41.5400 1.8148 	 46.0080 1.9903 	 42.4760 1.9315 	 42.5920 1.9494 
9 	 33.1300 1.4876 	 50.1460 2.0465 	 31.8540 1.5087 	 39.0760 1.7067 	 33.9440 1.8626 	 33.9860 1.9129 
10 	 39.9160 1.8574 	 50.2420 2.2221 	 39.4160 1.5585 	 45.3660 1.8191 	 40.9400 2.0815 	 40.9820 2.0633 
11 	 30.7380 1.4855 	 50.3300 2.3621 	 29.8760 1.4405 	 36.4640 1.7791 	 32.2340 1.7990 	 32.3520 1.8275 
12 	 41.7140 1.9036 	 50.1060 2.1281 	 41.3160 1.7059 	 46.5800 2.0998 	 43.5220 2.0338 	 43.5380 2.0437 
13 	 31.0260 1.5212 	 49.7680 2.2205 	 30.5800 1.4379 	 38.5460 1.9202 	 33.3740 1.7467 	 33.4800 1.7305 
14 	 29.9400 1.3652 	 50.2120 2.0743 	 28.9040 1.3837 	 34.9120 1.5576 	 30.1220 1.7459 	 30.2580 1.7632 
15 	 35.2060 1.6919 	 50.6420 2.4523 	 34.6080 1.3871 	 41.2020 1.8358 	 35.3020 2.0184 	 35.3420 2.0089 
16 	 41.2500 1.8500 	 49.9620 2.5358 	 40.5220 1.7560 	 45.6580 2.2275 	 42.0480 1.8660 	 42.1060 1.8769 
17 	 32.7180 1.4056 	 50.0200 2.1587 	 32.1140 1.4117 	 39.8900 1.6567 	 35.5900 1.8709 	 35.6880 1.9008 
18 	 30.7460 1.5492 	 49.8180 2.5504 	 30.2100 1.3974 	 37.8320 1.8130 	 31.9480 1.6445 	 32.0240 1.6900 
19 	 30.3200 1.4553 	 49.9940 2.2701 	 29.8380 1.2536 	 37.0680 1.6801 	 33.3200 1.7994 	 33.3860 1.7885 
20 	 34.3780 1.4469 	 49.7560 2.1793 	 33.8940 1.4178 	 40.4980 1.6630 	 35.7620 2.0702 	 35.7760 2.0438 
21 	 35.4500 1.5563 	 50.0720 2.0206 	 34.6460 1.4179 	 40.9720 1.8863 	 40.6800 1.7207 	 40.7880 1.7258 
22 	 28.8300 1.3793 	 49.8720 2.2363 	 28.5240 1.3011 	 36.8240 1.6797 	 32.0860 1.6857 	 32.1680 1.6497 
23 	 31.2300 1.3988 	 49.8280 2.1907 	 29.7320 1.3249 	 35.3100 1.8209 	 35.5400 1.6516 	 35.7460 1.6118 
24 	 32.1240 1.5489 	 50.0440 2.3318 	 31.1140 1.4493 	 37.5000 1.8081 	 33.6800 1.7198 	 33.7500 1.6842 
25 	 26.7080 1.1555 	 50.0820 2.0855 	 25.9260 1.2318 	 34.2280 1.3448 	 28.5820 1.6786 	 28.7080 1.6649 
26 	 38.0100 1.5859 	 49.8600 2.1442 	 37.1340 1.4913 	 43.0440 1.9294 	 38.9560 2.1127 	 39.0620 2.1068 
27 	 33.5320 1.6278 	 50.3060 2.0037 	 32.9160 1.3693 	 41.3000 1.6440 	 36.8320 1.9573 	 36.8920 1.9749 
28 	 24.8180 1.3892 	 50.2080 2.4271 	 23.8500 1.1971 	 30.1620 1.4990 	 25.7440 1.5085 	 25.9580 1.4875 
29 	 41.8860 1.7591 	 50.0940 2.3815 	 40.9460 1.8597 	 45.7140 2.2784 	 40.2780 1.9029 	 40.4100 1.9599 
30 	 26.5680 1.4704 	 50.5320 2.0793 	 25.5280 1.3960 	 31.7320 1.5861 	 28.4420 1.5568 	 28.7420 1.6271 
31 	 45.4900 2.0415 	 49.9100 2.2857 	 45.0360 2.0095 	 48.3080 2.2714 	 45.6780 2.1428 	 45.7760 2.1009 
32 	 34.7660 1.6038 	 49.7420 2.4353 	 33.8140 1.5550 	 39.9640 1.8443 	 36.5960 1.7165 	 36.7060 1.7140 
33 	 31.9740 1.5798 	 50.3340 2.0724 	 31.3140 1.4997 	 39.7360 1.7640 	 35.9420 1.8769 	 35.9860 1.9194 
34 	 37.6620 1.6862 	 50.2120 2.2953 	 36.6120 1.5982 	 42.3420 1.9203 	 40.4180 2.0909 	 40.5780 2.0883 
35 	 26.7340 1.3086 	 49.8900 2.5302 	 26.4260 1.2976 	 34.6100 1.8065 	 31.4500 1.8138 	 31.4480 1.7878 
36 	 32.2180 1.4259 	 50.5320 2.2322 	 30.4340 1.4022 	 35.7480 1.7589 	 34.7980 2.1019 	 35.2060 2.1904 
37 	 39.0520 1.8739 	 50.2140 2.1349 	 37.8560 1.6806 	 42.9480 1.8603 	 39.7280 1.9289 	 39.8260 1.8605 
38 	 27.7760 1.4873 	 50.4880 2.5947 	 27.2280 1.4578 	 35.7840 1.7872 	 31.4120 1.7375 	 31.4960 1.7255 
39 	 30.9240 1.5410 	 50.2160 2.1781 	 29.9460 1.4044 	 37.7580 1.6503 	 33.7860 1.6483 	 33.9160 1.6702 
40 	 43.6700 1.8568 	 50.2960 2.3537 	 42.6080 1.8173 	 46.9120 2.1989 	 45.3320 2.2913 	 45.4700 2.2903 
41 	 32.0400 1.5098 	 50.2760 2.1227 	 31.2380 1.5178 	 39.0640 1.5234 	 35.0540 1.6745 	 35.0700 1.7024 
42 	 29.7740 1.4090 	 49.9880 1.8569 	 28.1920 1.2107 	 34.1960 1.4047 	 31.9020 1.7683 	 32.1360 1.7391 
43 	 35.7700 1.4097 	 50.1100 2.3578 	 34.3960 1.4168 	 40.1240 1.7534 	 37.8520 1.7711 	 38.0820 1.7413 
44 	 31.3100 1.5270 	 50.1220 2.2865 	 30.2720 1.3983 	 37.8400 1.7693 	 33.3720 1.6738 	 33.7840 1.6877 
45 	 33.2760 1.6065 	 50.2020 2.1730 	 32.3600 1.5146 	 39.4720 1.8371 	 36.3580 1.8274 	 36.4600 1.8598 
