Task 	 PA 	 PA_NV 	 PA_SL 	 HetOTL 	 HetOTL_SL 	 OTLHS 
1 	 96.6420 1.3506 	 91.9160 1.3713 	 99.9140 0.1589 	 195.7080 2.2281 	 360.7840 2.5816 	 314.8680 3.1161 
2 	 79.5580 1.0500 	 86.2360 1.1182 	 94.1520 1.0633 	 181.0680 1.9472 	 299.8480 2.4412 	 259.9200 2.9101 
3 	 91.1700 1.0492 	 91.0100 1.2333 	 98.4580 0.6988 	 194.0400 2.4857 	 338.7000 2.3389 	 292.5360 3.0225 
4 	 96.6660 1.4324 	 93.4740 1.3097 	 99.9220 0.1655 	 197.5120 2.5090 	 361.6480 2.6413 	 317.2000 2.4645 
5 	 88.9260 1.0377 	 90.5980 1.0770 	 98.4360 0.6866 	 192.2520 2.4498 	 340.9840 2.4151 	 296.1160 2.9951 
6 	 87.9660 0.9978 	 87.1360 1.0409 	 97.9040 0.6321 	 190.7320 2.1273 	 333.6680 2.7783 	 282.7280 3.0518 
7 	 90.0820 1.2469 	 93.9540 1.1370 	 99.0400 0.5386 	 194.8520 2.7068 	 370.8800 2.7177 	 340.0160 2.9656 
8 	 94.6180 1.3169 	 92.8020 1.3988 	 99.6800 0.3178 	 195.1640 2.0758 	 372.9760 3.1105 	 330.3840 2.8500 
9 	 91.7360 1.0273 	 90.9320 1.0372 	 99.0660 0.5219 	 195.2200 2.1510 	 342.9440 2.5600 	 290.9480 3.2230 
10 	 96.0120 1.1785 	 91.1000 1.2025 	 99.8200 0.2629 	 193.9840 1.7897 	 358.0360 2.5578 	 314.3080 3.1964 
11 	 88.8220 1.1476 	 85.6020 0.8937 	 98.0740 0.7093 	 191.4960 1.9741 	 331.6840 2.3005 	 280.2000 3.1143 
12 	 96.7980 1.3374 	 90.4280 1.1083 	 99.9300 0.1487 	 196.4480 2.5567 	 361.3680 2.8010 	 314.7920 2.6654 
13 	 93.7320 1.4482 	 90.1760 1.0372 	 99.5800 0.4144 	 196.4840 2.3779 	 356.1360 2.4163 	 305.9800 2.6754 
14 	 80.5620 1.0358 	 88.6960 1.1594 	 94.5520 1.0111 	 185.5320 2.0905 	 319.9000 2.0588 	 274.9160 3.6205 
15 	 91.1280 1.1308 	 87.6040 0.8794 	 98.7940 0.6263 	 193.3080 2.2953 	 345.3080 2.3633 	 294.6800 3.2563 
16 	 96.2720 1.3817 	 92.3280 1.3951 	 99.9000 0.1694 	 197.1480 2.3957 	 355.2320 2.5544 	 309.4840 3.1986 
17 	 93.9820 1.3070 	 90.6180 1.1257 	 99.6460 0.3907 	 196.0480 2.2204 	 362.9040 2.4838 	 318.3440 2.8015 
18 	 92.9300 1.2532 	 91.2840 1.1113 	 99.4100 0.4343 	 196.7240 2.2330 	 353.7760 2.4002 	 303.2240 2.9716 
19 	 87.9640 1.4120 	 90.9380 1.2737 	 97.8380 0.8168 	 191.6920 2.5791 	 342.5880 2.6487 	 292.7720 3.5218 
20 	 93.9480 1.3747 	 91.0040 1.0241 	 99.3460 0.4511 	 194.5440 1.8567 	 352.3200 2.5533 	 304.3720 2.7244 
21 	 90.3480 1.1650 	 94.5760 1.2244 	 99.1220 0.5060 	 194.2440 1.9661 	 377.7800 3.2052 	 346.4640 2.9513 
22 	 94.2220 1.1641 	 87.0980 1.0271 	 99.6080 0.3203 	 194.0840 2.1711 	 331.9400 2.5838 	 276.5080 3.1928 
23 	 80.2540 1.1263 	 92.9320 1.1569 	 96.6200 0.8978 	 189.2560 1.7771 	 354.0880 2.3133 	 321.4240 3.1328 
24 	 86.9220 0.9880 	 88.4940 1.1552 	 97.7280 0.7725 	 192.8600 2.6025 	 351.9640 2.6927 	 296.7280 3.3192 
25 	 91.3280 1.1729 	 86.6340 1.0656 	 98.9820 0.5957 	 193.1560 2.2526 	 328.1680 2.8694 	 270.9360 2.5918 
26 	 94.9820 1.2460 	 94.6620 1.1942 	 99.8540 0.1883 	 197.8440 2.2939 	 379.5200 3.4362 	 343.6520 2.7115 
27 	 95.3260 1.3495 	 93.8540 1.1949 	 99.8220 0.2460 	 197.6120 1.9959 	 374.5720 3.1951 	 328.6720 2.9645 
28 	 78.1560 1.0081 	 78.3200 1.2220 	 92.8680 1.0530 	 174.4760 1.5896 	 283.0520 2.1721 	 233.7640 3.2051 
29 	 93.9640 1.3881 	 92.5480 1.0912 	 99.5780 0.4215 	 195.5600 2.4687 	 354.6480 2.5310 	 312.0680 2.8353 
30 	 80.7220 1.0331 	 86.2700 1.1051 	 94.4520 0.9086 	 184.0080 2.1731 	 307.8240 2.5024 	 257.3640 3.1711 
31 	 96.3840 0.9622 	 94.4600 1.2503 	 99.8840 0.2112 	 196.3560 1.4759 	 381.7080 3.6682 	 347.5600 3.1820 
32 	 90.8300 1.1304 	 91.9920 1.2927 	 98.6780 0.6840 	 193.8200 2.5769 	 358.2320 2.2842 	 307.8560 2.8384 
33 	 93.8860 1.4400 	 88.2880 1.2567 	 99.5700 0.4143 	 194.4040 2.8321 	 350.1360 2.9641 	 300.9000 3.1111 
34 	 91.5620 1.2895 	 92.1080 1.3124 	 99.1540 0.5649 	 195.6000 2.8003 	 365.2880 2.8702 	 324.3360 2.7032 
35 	 92.3920 1.2823 	 85.5020 1.0657 	 99.3400 0.4895 	 192.7240 2.9044 	 340.3720 2.5787 	 283.2840 3.1090 
36 	 81.4460 1.1675 	 83.3460 1.1202 	 96.6340 0.8121 	 178.9160 1.7526 	 335.2520 2.3487 	 299.8640 2.9461 
37 	 90.4860 1.0348 	 92.1620 1.1359 	 98.8780 0.6156 	 194.1920 2.0714 	 363.6000 2.2405 	 319.5440 2.6576 
38 	 93.0740 1.3041 	 84.1180 1.1617 	 99.3960 0.4178 	 192.4160 2.0514 	 336.0760 2.4065 	 279.4000 3.0354 
39 	 92.1520 1.1214 	 92.8580 1.2554 	 99.3200 0.4636 	 195.8120 2.2285 	 351.5000 2.9659 	 304.8280 3.0586 
40 	 93.3240 1.0756 	 95.5160 1.1054 	 99.7140 0.3065 	 196.5280 1.9587 	 379.5960 3.0735 	 348.8160 3.2516 
41 	 93.5220 1.2465 	 92.9120 1.2363 	 99.6540 0.3189 	 195.5640 2.3980 	 362.8440 3.1537 	 317.5920 2.7991 
42 	 81.1200 1.1072 	 91.6140 1.2837 	 95.8200 0.8713 	 189.7720 2.3075 	 337.9360 2.6114 	 292.9080 3.4310 
43 	 89.3740 1.0673 	 93.7300 1.2906 	 98.8140 0.6256 	 195.2840 2.4738 	 372.1520 2.6225 	 330.7600 2.9588 
44 	 92.4720 1.1695 	 93.1000 1.3626 	 99.4720 0.3745 	 196.3200 1.9956 	 362.6800 2.5932 	 313.3680 2.6903 
45 	 93.3560 1.2331 	 93.2280 1.2656 	 99.6040 0.3629 	 195.7440 2.1246 	 372.4000 3.0611 	 328.4520 3.3691 
