Task 	 PA 	 PA_NV 	 PA_SL 	 HetOTL 	 HetOTL_SL 	 OTLHS 
1 	 0.0065 0.0015 	 0.0159 0.0034 	 0.0127 0.0030 	 0.0199 0.0044 	 0.0439 0.0088 	 0.0409 0.0084 
2 	 0.0055 0.0013 	 0.0148 0.0033 	 0.0120 0.0028 	 0.0186 0.0040 	 0.0391 0.0076 	 0.0362 0.0070 
3 	 0.0062 0.0014 	 0.0158 0.0034 	 0.0127 0.0029 	 0.0201 0.0044 	 0.0429 0.0084 	 0.0404 0.0077 
4 	 0.0063 0.0015 	 0.0159 0.0034 	 0.0128 0.0029 	 0.0199 0.0044 	 0.0430 0.0084 	 0.0416 0.0085 
5 	 0.0057 0.0013 	 0.0150 0.0033 	 0.0120 0.0027 	 0.0194 0.0041 	 0.0418 0.0079 	 0.0392 0.0077 
6 	 0.0057 0.0013 	 0.0153 0.0034 	 0.0120 0.0027 	 0.0195 0.0044 	 0.0416 0.0080 	 0.0383 0.0073 
7 	 0.0059 0.0014 	 0.0159 0.0033 	 0.0127 0.0029 	 0.0200 0.0044 	 0.0439 0.0087 	 0.0428 0.0083 
8 	 0.0062 0.0014 	 0.0159 0.0034 	 0.0127 0.0028 	 0.0203 0.0044 	 0.0450 0.0088 	 0.0433 0.0083 
9 	 0.0072 0.0013 	 0.0185 0.0034 	 0.0148 0.0027 	 0.0236 0.0043 	 0.0502 0.0087 	 0.0478 0.0077 
10 	 0.0059 0.0014 	 0.0152 0.0032 	 0.0118 0.0027 	 0.0195 0.0041 	 0.0421 0.0080 	 0.0408 0.0080 
11 	 0.0059 0.0014 	 0.0157 0.0033 	 0.0122 0.0028 	 0.0196 0.0044 	 0.0424 0.0083 	 0.0387 0.0076 
12 	 0.0073 0.0013 	 0.0190 0.0032 	 0.0149 0.0027 	 0.0238 0.0043 	 0.0519 0.0086 	 0.0490 0.0084 
13 	 0.0075 0.0012 	 0.0195 0.0029 	 0.0153 0.0024 	 0.0244 0.0038 	 0.0532 0.0072 	 0.0501 0.0068 
14 	 0.0066 0.0013 	 0.0182 0.0034 	 0.0143 0.0027 	 0.0231 0.0042 	 0.0494 0.0081 	 0.0464 0.0081 
15 	 0.0071 0.0013 	 0.0186 0.0033 	 0.0146 0.0028 	 0.0236 0.0043 	 0.0511 0.0081 	 0.0477 0.0080 
16 	 0.0070 0.0014 	 0.0184 0.0036 	 0.0143 0.0029 	 0.0231 0.0045 	 0.0499 0.0088 	 0.0473 0.0084 
17 	 0.0072 0.0013 	 0.0185 0.0035 	 0.0148 0.0027 	 0.0238 0.0040 	 0.0516 0.0078 	 0.0488 0.0077 
18 	 0.0071 0.0013 	 0.0188 0.0034 	 0.0147 0.0028 	 0.0239 0.0043 	 0.0517 0.0079 	 0.0480 0.0081 
19 	 0.0067 0.0014 	 0.0185 0.0037 	 0.0143 0.0029 	 0.0231 0.0045 	 0.0498 0.0089 	 0.0471 0.0082 
20 	 0.0068 0.0015 	 0.0177 0.0037 	 0.0139 0.0029 	 0.0223 0.0047 	 0.0485 0.0093 	 0.0461 0.0086 
21 	 0.0063 0.0015 	 0.0172 0.0038 	 0.0134 0.0031 	 0.0219 0.0048 	 0.0485 0.0097 	 0.0459 0.0093 
22 	 0.0071 0.0014 	 0.0185 0.0035 	 0.0146 0.0027 	 0.0240 0.0041 	 0.0503 0.0082 	 0.0468 0.0081 
23 	 0.0064 0.0014 	 0.0181 0.0036 	 0.0143 0.0028 	 0.0233 0.0043 	 0.0507 0.0085 	 0.0478 0.0086 
24 	 0.0063 0.0015 	 0.0173 0.0038 	 0.0135 0.0030 	 0.0219 0.0048 	 0.0473 0.0091 	 0.0446 0.0088 
25 	 0.0067 0.0015 	 0.0176 0.0037 	 0.0138 0.0029 	 0.0224 0.0047 	 0.0481 0.0091 	 0.0439 0.0086 
26 	 0.0067 0.0015 	 0.0178 0.0037 	 0.0144 0.0030 	 0.0229 0.0046 	 0.0497 0.0093 	 0.0491 0.0091 
27 	 0.0069 0.0015 	 0.0181 0.0039 	 0.0143 0.0030 	 0.0231 0.0045 	 0.0502 0.0095 	 0.0486 0.0089 
28 	 0.0065 0.0012 	 0.0182 0.0033 	 0.0142 0.0027 	 0.0232 0.0042 	 0.0474 0.0082 	 0.0443 0.0073 
29 	 0.0068 0.0015 	 0.0181 0.0037 	 0.0142 0.0029 	 0.0236 0.0044 	 0.0506 0.0085 	 0.0472 0.0085 
30 	 0.0064 0.0014 	 0.0179 0.0036 	 0.0137 0.0029 	 0.0222 0.0047 	 0.0471 0.0087 	 0.0431 0.0083 
31 	 0.0071 0.0014 	 0.0189 0.0035 	 0.0145 0.0029 	 0.0239 0.0042 	 0.0530 0.0084 	 0.0498 0.0089 
32 	 0.0067 0.0015 	 0.0181 0.0037 	 0.0142 0.0028 	 0.0230 0.0046 	 0.0498 0.0095 	 0.0469 0.0085 
33 	 0.0064 0.0016 	 0.0167 0.0038 	 0.0134 0.0032 	 0.0222 0.0046 	 0.0473 0.0093 	 0.0452 0.0088 
34 	 0.0070 0.0014 	 0.0187 0.0034 	 0.0146 0.0029 	 0.0234 0.0045 	 0.0510 0.0088 	 0.0485 0.0085 
35 	 0.0068 0.0015 	 0.0178 0.0036 	 0.0141 0.0030 	 0.0220 0.0049 	 0.0486 0.0092 	 0.0446 0.0086 
36 	 0.0065 0.0014 	 0.0175 0.0035 	 0.0143 0.0029 	 0.0223 0.0045 	 0.0481 0.0089 	 0.0463 0.0083 
37 	 0.0067 0.0015 	 0.0183 0.0037 	 0.0143 0.0030 	 0.0231 0.0045 	 0.0505 0.0086 	 0.0481 0.0085 
38 	 0.0069 0.0014 	 0.0181 0.0035 	 0.0143 0.0029 	 0.0233 0.0044 	 0.0497 0.0088 	 0.0459 0.0083 
39 	 0.0068 0.0015 	 0.0177 0.0037 	 0.0142 0.0029 	 0.0226 0.0048 	 0.0486 0.0095 	 0.0464 0.0084 
40 	 0.0067 0.0015 	 0.0179 0.0038 	 0.0140 0.0032 	 0.0229 0.0047 	 0.0511 0.0090 	 0.0481 0.0091 
41 	 0.0070 0.0014 	 0.0186 0.0035 	 0.0146 0.0029 	 0.0231 0.0046 	 0.0501 0.0091 	 0.0487 0.0083 
42 	 0.0063 0.0015 	 0.0178 0.0038 	 0.0140 0.0031 	 0.0227 0.0045 	 0.0482 0.0091 	 0.0460 0.0085 
43 	 0.0068 0.0014 	 0.0185 0.0035 	 0.0142 0.0030 	 0.0241 0.0042 	 0.0515 0.0086 	 0.0493 0.0082 
44 	 0.0071 0.0014 	 0.0186 0.0035 	 0.0146 0.0029 	 0.0237 0.0044 	 0.0517 0.0086 	 0.0480 0.0081 
45 	 0.0065 0.0015 	 0.0172 0.0037 	 0.0137 0.0030 	 0.0218 0.0048 	 0.0481 0.0094 	 0.0459 0.0093 
