Task 	 PA 	 PA_NV 	 PA_SL 	 HetOTL 	 HetOTL_SL 	 OTLHS 
1 	 43.8960 1.3708 	 41.8380 1.1706 	 43.9180 1.3276 	 45.7820 1.1325 	 38.4600 1.5818 	 36.1300 1.3705 
2 	 28.5340 0.8547 	 32.9220 0.9876 	 28.7960 1.0340 	 31.9060 1.3506 	 27.4260 1.2568 	 26.1060 1.0934 
3 	 39.0360 1.1801 	 37.2040 1.2348 	 39.2260 1.1237 	 40.3360 1.1966 	 33.4960 1.3259 	 31.3760 1.1814 
4 	 45.9720 1.4636 	 43.9220 1.3984 	 45.8820 1.3592 	 47.3300 1.3301 	 38.8740 1.2099 	 36.7180 1.3005 
5 	 34.1280 1.1733 	 38.7540 1.1281 	 34.6380 1.2308 	 38.8560 1.4111 	 32.2660 1.3894 	 30.5260 1.3756 
6 	 33.5320 1.1003 	 33.4800 1.1130 	 33.8920 1.1897 	 35.5740 1.4630 	 29.2160 1.2658 	 27.1680 1.1716 
7 	 38.9280 1.3614 	 44.6640 1.4550 	 38.9560 1.3124 	 43.5640 1.2692 	 40.3480 1.4955 	 37.9980 1.5134 
8 	 43.9060 1.6132 	 41.0640 1.2077 	 43.7220 1.5374 	 45.5160 1.3704 	 38.0060 1.5543 	 35.4640 1.4528 
9 	 35.8500 1.1011 	 37.1400 1.0504 	 36.3520 1.1769 	 39.5520 1.3947 	 31.1860 1.4333 	 29.1140 1.0751 
10 	 44.6000 1.4647 	 40.9600 1.1166 	 44.6180 1.5144 	 45.8200 1.4715 	 39.2180 1.4948 	 37.2660 1.3346 
11 	 33.7240 1.0939 	 32.0440 1.0354 	 34.2800 1.3061 	 35.7520 1.4562 	 29.5480 1.1598 	 27.3820 1.0402 
12 	 45.7000 1.3750 	 38.8020 1.1150 	 45.4380 1.3785 	 43.7880 1.3609 	 36.4760 1.4224 	 33.8440 1.3056 
13 	 36.6380 1.3629 	 36.4660 1.0495 	 36.8940 1.3590 	 40.1740 1.4795 	 33.4720 1.3075 	 31.4800 1.2378 
14 	 30.3920 1.1104 	 33.1720 1.2044 	 30.8980 0.9558 	 33.1100 1.4426 	 27.3600 1.3427 	 25.4360 1.1446 
15 	 38.6660 1.0966 	 33.8400 0.9917 	 38.9300 1.2395 	 38.2680 1.4889 	 31.3740 1.3134 	 28.8600 1.1552 
16 	 44.7240 1.2976 	 41.5220 1.2870 	 44.6260 1.4421 	 45.6740 1.3195 	 39.0840 1.4490 	 36.9140 1.2257 
17 	 38.0320 1.4118 	 37.5660 1.2550 	 38.1860 1.3994 	 41.3180 1.4383 	 34.7400 1.2600 	 31.9800 1.0882 
18 	 34.9260 1.2841 	 36.2220 1.0666 	 35.5020 1.2376 	 39.9540 1.6280 	 33.2260 1.5095 	 30.2220 1.3363 
19 	 34.2760 1.2658 	 35.3500 1.1457 	 34.5160 1.2799 	 37.2040 1.4815 	 29.9660 1.4397 	 26.7820 1.0966 
20 	 38.5980 1.0770 	 38.8940 1.2069 	 38.5160 1.1953 	 42.4940 1.5430 	 35.7880 1.3079 	 33.1760 1.1372 
21 	 37.1280 1.2102 	 43.4060 1.4546 	 36.9180 1.1558 	 42.2560 1.3961 	 38.5120 1.5446 	 35.3840 1.4863 
22 	 35.6040 1.0929 	 32.4300 0.9708 	 36.1700 1.1701 	 37.4020 1.7534 	 29.5820 1.3979 	 25.9520 1.1289 
23 	 30.2200 0.9439 	 38.2640 1.2456 	 30.2400 1.0437 	 34.9340 1.6559 	 31.6880 1.4476 	 28.8720 1.2402 
24 	 33.5840 1.2419 	 32.1540 1.1648 	 33.5720 1.3388 	 35.4220 1.6767 	 28.4800 1.4273 	 25.6440 1.0975 
25 	 31.8740 1.2422 	 31.7680 1.0141 	 32.5500 1.1941 	 36.3740 1.7446 	 28.1840 1.1458 	 25.8860 0.9155 
26 	 41.1440 1.4162 	 41.4040 1.4611 	 40.7140 1.3304 	 45.3120 1.6931 	 37.7520 1.4771 	 34.1920 1.3807 
27 	 39.5880 1.2552 	 40.0680 1.0892 	 39.6200 1.2291 	 43.8180 1.3929 	 35.9540 1.3736 	 32.8020 1.2797 
28 	 27.1040 1.1157 	 23.9460 0.9559 	 27.6620 0.9793 	 26.1760 1.4753 	 21.0880 1.0781 	 18.8860 0.9177 
29 	 42.8660 1.3923 	 39.3780 1.0464 	 42.9960 1.4545 	 43.9100 1.2431 	 37.0220 1.3888 	 35.2400 1.3011 
30 	 27.7400 1.0112 	 29.4420 0.9142 	 28.0840 1.0877 	 29.9240 1.5567 	 24.1620 1.0990 	 22.1160 0.9506 
31 	 47.3260 1.4555 	 45.6340 1.2352 	 46.7980 1.4161 	 48.3300 1.0372 	 41.8660 1.6083 	 39.0720 1.3814 
32 	 37.4540 1.1792 	 37.3920 1.0647 	 37.6320 1.2110 	 39.7860 1.4103 	 32.4840 1.5274 	 29.5820 1.2732 
33 	 37.7780 1.3955 	 34.3900 0.9742 	 38.1940 1.2185 	 39.1380 1.7072 	 32.1800 1.4060 	 29.9220 1.0995 
34 	 38.5860 1.2505 	 40.0600 1.3462 	 38.7920 1.2952 	 42.3040 1.3611 	 36.5240 1.6160 	 34.5700 1.4350 
35 	 32.9680 1.1602 	 30.7600 1.0697 	 33.4700 1.2853 	 34.8280 1.7613 	 27.7640 1.5123 	 25.0700 1.0751 
36 	 30.2300 1.1753 	 32.8920 1.0072 	 30.4520 1.1795 	 33.9080 1.2198 	 29.3400 1.2506 	 27.5020 1.1801 
37 	 38.6540 1.1267 	 38.6080 1.2735 	 38.8160 1.1833 	 41.2780 1.2789 	 34.9720 1.5643 	 32.8640 1.1263 
38 	 33.9260 1.2769 	 30.1220 0.9402 	 34.4200 1.2519 	 35.0460 1.7333 	 27.9000 1.4759 	 25.3660 1.0055 
39 	 34.0180 1.1906 	 39.7980 1.2086 	 34.4180 1.3227 	 40.8140 1.3915 	 33.5680 1.3954 	 30.9900 1.1739 
40 	 42.9640 1.3425 	 46.6900 1.1763 	 42.9700 1.4769 	 46.3660 1.3595 	 42.1060 1.4237 	 40.4200 1.5989 
41 	 36.3780 1.1483 	 39.9140 1.3389 	 36.2920 1.2431 	 41.6120 1.4990 	 33.8660 1.5904 	 30.6260 1.2338 
42 	 29.7280 0.9310 	 35.8220 1.2315 	 29.8900 1.1808 	 34.6120 1.5042 	 29.9440 1.2758 	 27.5600 1.1895 
43 	 35.8640 1.0839 	 40.5880 1.3082 	 35.8720 1.0706 	 41.0380 1.6163 	 34.8080 1.4999 	 31.7220 1.3969 
44 	 34.3060 1.1164 	 38.4940 1.1829 	 34.2880 1.0874 	 40.8800 1.4953 	 32.4660 1.3621 	 28.7400 1.3136 
45 	 37.0400 1.2010 	 39.2020 1.1719 	 36.9760 1.2981 	 42.7800 1.6190 	 35.0300 1.4014 	 31.6920 1.1569 
