Task 	 PA 	 PA_NV 	 PA_SL 	 HetOTL 	 HetOTL_SL 	 OTLHS 
1 	 48.4420 1.1673 	 47.2040 1.3027 	 46.8640 1.2462 	 48.1840 1.2667 	 43.6300 2.3860 	 41.6320 1.8294 
2 	 38.3520 2.0627 	 39.6900 2.2097 	 34.4080 1.6359 	 41.5640 4.5966 	 33.9920 3.3378 	 29.7740 1.7845 
3 	 45.1840 1.8360 	 44.8720 2.4934 	 42.7700 1.2425 	 43.7940 2.3451 	 39.6740 3.0689 	 36.8480 1.8118 
4 	 49.4000 1.0772 	 47.9880 1.5194 	 47.9840 1.1840 	 48.9280 1.4460 	 44.4020 2.2700 	 42.3540 1.4991 
5 	 43.8200 2.1146 	 44.9980 1.8154 	 39.8180 1.4603 	 45.8100 2.6524 	 39.1460 2.9917 	 35.4580 1.8717 
6 	 40.9260 2.1335 	 43.3820 2.5797 	 37.7040 1.3365 	 39.9820 3.0718 	 37.8060 3.3188 	 33.2500 1.7925 
7 	 44.5560 1.8382 	 47.8720 1.1110 	 41.8620 1.2683 	 46.3600 1.8224 	 47.5900 1.8683 	 45.0000 1.8703 
8 	 48.1100 1.0192 	 47.3360 1.6075 	 46.2280 1.2858 	 47.8600 1.3608 	 45.4120 2.5414 	 42.5580 1.8116 
9 	 44.9340 2.3453 	 44.1160 2.2784 	 41.0360 1.6816 	 44.2920 2.9612 	 38.2140 3.1019 	 35.5460 1.9764 
10 	 48.1880 1.0339 	 46.6400 1.3052 	 47.2120 1.3477 	 47.5740 1.2439 	 46.4040 1.8398 	 42.9900 1.6688 
11 	 42.0720 2.1205 	 39.0780 2.5927 	 39.0540 1.4702 	 41.9160 3.8398 	 38.5000 3.8110 	 33.3920 1.9336 
12 	 48.8580 1.0531 	 44.6480 2.1082 	 47.6680 1.1797 	 45.6500 2.0981 	 44.5860 3.7396 	 40.8220 2.2709 
13 	 45.1000 2.2907 	 41.6480 2.2853 	 41.5580 1.6451 	 43.2520 2.8466 	 38.2240 3.0871 	 36.4920 2.2332 
14 	 38.4080 1.8701 	 40.2320 2.8252 	 35.3740 1.5278 	 43.0760 4.4245 	 39.5780 3.5529 	 31.3900 2.1710 
15 	 44.8500 1.6363 	 40.4360 2.4028 	 42.0320 1.3528 	 43.4140 3.1714 	 41.4260 3.8404 	 35.7200 2.1221 
16 	 48.5060 1.1294 	 46.4360 1.7753 	 47.1500 1.2891 	 47.4500 1.5966 	 48.2580 2.4170 	 43.4360 1.8156 
17 	 45.1280 2.0500 	 43.4020 2.5989 	 42.5160 1.4570 	 44.3840 2.4629 	 41.3260 3.7077 	 38.2940 2.3079 
18 	 44.3600 2.8095 	 42.5360 2.4337 	 40.2900 1.7941 	 43.0920 2.9298 	 44.2240 3.5555 	 38.5120 2.3356 
19 	 40.8560 2.2104 	 46.5640 2.1088 	 38.2060 1.6087 	 43.2060 3.0188 	 44.3760 3.7402 	 36.3560 2.3243 
20 	 45.9040 2.2277 	 45.7860 2.2626 	 42.9080 1.5905 	 46.6800 2.7337 	 45.2560 3.0685 	 39.7620 2.0561 
21 	 43.7920 2.0936 	 47.8100 1.5267 	 40.0860 1.2460 	 47.1300 2.6460 	 48.3420 1.7846 	 44.9060 1.7062 
22 	 43.1960 2.6825 	 45.2280 2.4050 	 40.9980 1.9481 	 46.0520 3.6868 	 47.0680 2.3066 	 37.1260 2.0001 
23 	 36.8360 2.3390 	 44.7880 2.2768 	 33.2620 1.4990 	 43.2860 4.5709 	 46.1740 3.2027 	 37.4020 2.4112 
24 	 40.0580 2.2084 	 41.5660 3.0836 	 37.0380 1.5188 	 43.1400 4.5022 	 37.5260 4.6729 	 33.1460 2.8181 
25 	 42.2520 3.1653 	 44.0620 2.2032 	 38.6680 2.1226 	 45.3520 3.8594 	 37.7220 4.0380 	 32.4480 2.2109 
26 	 46.9920 1.7417 	 46.3620 1.7451 	 44.3340 1.5380 	 46.8100 1.8040 	 46.2380 2.6657 	 43.6540 2.1768 
27 	 45.8220 1.8440 	 45.1560 1.9831 	 43.4800 1.5353 	 45.9840 2.3778 	 43.4800 3.5459 	 41.0840 2.3086 
28 	 35.5080 2.3154 	 38.0300 3.0670 	 32.5060 1.6252 	 32.3440 4.1882 	 27.2400 3.6779 	 24.3980 1.9415 
29 	 48.0060 1.3210 	 44.9300 1.8116 	 45.7720 1.2286 	 47.0640 2.1337 	 44.1360 2.7930 	 40.1780 1.6118 
30 	 36.5180 2.3483 	 43.7920 2.7572 	 33.2280 1.6563 	 36.0080 3.4891 	 31.3140 3.4602 	 27.7240 1.9177 
31 	 49.0100 0.9451 	 48.9600 1.0328 	 48.3880 1.2338 	 48.9580 0.8032 	 47.1080 1.6955 	 45.5680 1.6713 
32 	 44.9060 2.0130 	 46.1740 2.3271 	 41.8280 1.3400 	 43.3180 2.5090 	 44.0240 4.0405 	 38.4980 2.2928 
33 	 46.3440 2.1900 	 41.4160 2.4219 	 42.9640 1.6301 	 43.7320 3.0516 	 38.5440 3.2040 	 36.1980 2.2623 
34 	 44.0200 1.9685 	 45.4680 2.0641 	 41.9740 1.4326 	 44.7360 2.2816 	 42.5020 3.1239 	 40.0960 2.1588 
35 	 44.3380 2.6255 	 41.9420 3.1562 	 39.3760 1.8947 	 40.1040 3.8659 	 41.3960 4.9340 	 33.6140 2.6131 
36 	 37.6200 2.1397 	 38.0300 1.5930 	 33.5600 1.4168 	 40.3520 3.9572 	 40.6900 3.7301 	 32.9820 2.2284 
37 	 44.7560 1.5721 	 46.2260 2.0100 	 41.4500 1.3099 	 46.4860 2.2142 	 45.7540 2.8812 	 39.2780 2.0993 
38 	 42.8200 2.6300 	 41.5240 2.7309 	 39.9760 1.8502 	 43.2740 4.3168 	 41.6740 4.7353 	 33.3140 2.4066 
39 	 42.2640 2.6186 	 47.0560 1.9010 	 38.9700 1.9180 	 44.7480 2.7535 	 43.0180 3.8276 	 37.7900 2.4075 
40 	 46.5380 1.4522 	 48.8160 0.9487 	 44.6420 1.2389 	 48.0640 1.1952 	 48.3900 2.9320 	 45.4620 1.7861 
41 	 44.7240 2.5890 	 47.2760 1.8851 	 40.4420 1.5469 	 45.1520 2.8114 	 41.1660 3.1777 	 38.6980 2.2995 
42 	 36.2580 2.2210 	 44.4100 2.3554 	 33.4380 1.5512 	 39.2580 3.1580 	 36.4720 3.9836 	 33.4880 2.1466 
43 	 42.4400 2.2436 	 46.6500 1.9331 	 39.0300 1.2969 	 45.7320 3.3191 	 46.3340 3.2596 	 40.7620 2.1608 
44 	 43.7180 3.0087 	 46.8600 2.4169 	 39.3320 1.8674 	 43.7080 2.7176 	 47.1020 2.8939 	 40.5580 2.0343 
45 	 45.7340 2.5311 	 46.4160 2.1359 	 41.8140 1.5851 	 46.5620 2.5898 	 45.1400 2.9791 	 40.9480 2.0056 
