Task 	 PA 	 PA_NV 	 PA_SL 	 HetOTL 	 HetOTL_SL 	 OTLHS 
1 	 0.0064 0.0014 	 0.0153 0.0033 	 0.0127 0.0029 	 0.0197 0.0043 	 0.0438 0.0090 	 0.0436 0.0089 
2 	 0.0059 0.0014 	 0.0151 0.0033 	 0.0124 0.0029 	 0.0188 0.0043 	 0.0428 0.0087 	 0.0403 0.0077 
3 	 0.0063 0.0015 	 0.0159 0.0034 	 0.0126 0.0030 	 0.0203 0.0044 	 0.0451 0.0091 	 0.0437 0.0086 
4 	 0.0062 0.0014 	 0.0160 0.0036 	 0.0127 0.0031 	 0.0206 0.0044 	 0.0457 0.0095 	 0.0444 0.0089 
5 	 0.0063 0.0015 	 0.0159 0.0035 	 0.0128 0.0030 	 0.0193 0.0040 	 0.0438 0.0081 	 0.0444 0.0088 
6 	 0.0063 0.0015 	 0.0162 0.0035 	 0.0126 0.0030 	 0.0194 0.0042 	 0.0444 0.0090 	 0.0429 0.0085 
7 	 0.0061 0.0014 	 0.0155 0.0033 	 0.0124 0.0028 	 0.0203 0.0045 	 0.0441 0.0087 	 0.0443 0.0092 
8 	 0.0063 0.0014 	 0.0163 0.0035 	 0.0126 0.0029 	 0.0201 0.0044 	 0.0460 0.0091 	 0.0448 0.0087 
9 	 0.0068 0.0015 	 0.0178 0.0037 	 0.0137 0.0030 	 0.0218 0.0046 	 0.0489 0.0096 	 0.0478 0.0095 
10 	 0.0064 0.0015 	 0.0164 0.0034 	 0.0128 0.0029 	 0.0196 0.0042 	 0.0446 0.0086 	 0.0435 0.0082 
11 	 0.0060 0.0014 	 0.0157 0.0034 	 0.0121 0.0027 	 0.0197 0.0042 	 0.0445 0.0088 	 0.0429 0.0081 
12 	 0.0074 0.0013 	 0.0196 0.0030 	 0.0151 0.0028 	 0.0240 0.0042 	 0.0553 0.0076 	 0.0532 0.0079 
13 	 0.0074 0.0014 	 0.0191 0.0033 	 0.0150 0.0028 	 0.0238 0.0042 	 0.0532 0.0089 	 0.0530 0.0085 
14 	 0.0072 0.0013 	 0.0186 0.0036 	 0.0149 0.0028 	 0.0235 0.0044 	 0.0521 0.0089 	 0.0508 0.0087 
15 	 0.0076 0.0012 	 0.0196 0.0031 	 0.0154 0.0024 	 0.0248 0.0037 	 0.0547 0.0078 	 0.0541 0.0071 
16 	 0.0071 0.0015 	 0.0185 0.0037 	 0.0145 0.0030 	 0.0232 0.0046 	 0.0522 0.0090 	 0.0510 0.0090 
17 	 0.0073 0.0014 	 0.0189 0.0034 	 0.0150 0.0027 	 0.0240 0.0041 	 0.0536 0.0080 	 0.0516 0.0088 
18 	 0.0074 0.0015 	 0.0193 0.0035 	 0.0149 0.0028 	 0.0236 0.0043 	 0.0532 0.0086 	 0.0516 0.0090 
19 	 0.0069 0.0015 	 0.0177 0.0038 	 0.0141 0.0030 	 0.0226 0.0047 	 0.0505 0.0092 	 0.0490 0.0093 
20 	 0.0068 0.0016 	 0.0178 0.0039 	 0.0140 0.0032 	 0.0224 0.0048 	 0.0501 0.0101 	 0.0488 0.0097 
21 	 0.0068 0.0015 	 0.0178 0.0039 	 0.0140 0.0031 	 0.0223 0.0048 	 0.0504 0.0094 	 0.0493 0.0096 
22 	 0.0068 0.0015 	 0.0180 0.0037 	 0.0139 0.0030 	 0.0226 0.0048 	 0.0497 0.0092 	 0.0492 0.0094 
23 	 0.0069 0.0015 	 0.0184 0.0037 	 0.0142 0.0031 	 0.0229 0.0046 	 0.0510 0.0092 	 0.0492 0.0091 
24 	 0.0070 0.0015 	 0.0184 0.0037 	 0.0143 0.0030 	 0.0230 0.0049 	 0.0514 0.0099 	 0.0506 0.0095 
25 	 0.0069 0.0016 	 0.0178 0.0039 	 0.0137 0.0031 	 0.0225 0.0048 	 0.0498 0.0098 	 0.0484 0.0096 
26 	 0.0067 0.0016 	 0.0178 0.0038 	 0.0137 0.0031 	 0.0216 0.0049 	 0.0499 0.0098 	 0.0480 0.0096 
27 	 0.0068 0.0016 	 0.0178 0.0039 	 0.0138 0.0031 	 0.0229 0.0047 	 0.0514 0.0093 	 0.0498 0.0096 
28 	 0.0068 0.0015 	 0.0183 0.0037 	 0.0141 0.0030 	 0.0231 0.0046 	 0.0521 0.0092 	 0.0481 0.0093 
29 	 0.0068 0.0016 	 0.0176 0.0038 	 0.0138 0.0030 	 0.0220 0.0048 	 0.0497 0.0097 	 0.0485 0.0093 
30 	 0.0069 0.0015 	 0.0181 0.0037 	 0.0143 0.0030 	 0.0224 0.0048 	 0.0510 0.0093 	 0.0498 0.0096 
31 	 0.0072 0.0015 	 0.0188 0.0037 	 0.0144 0.0030 	 0.0228 0.0048 	 0.0523 0.0091 	 0.0506 0.0095 
32 	 0.0067 0.0016 	 0.0179 0.0038 	 0.0138 0.0031 	 0.0220 0.0047 	 0.0504 0.0094 	 0.0489 0.0097 
33 	 0.0070 0.0015 	 0.0178 0.0038 	 0.0141 0.0030 	 0.0225 0.0048 	 0.0507 0.0095 	 0.0495 0.0094 
34 	 0.0071 0.0015 	 0.0186 0.0036 	 0.0143 0.0029 	 0.0229 0.0046 	 0.0521 0.0089 	 0.0505 0.0091 
35 	 0.0071 0.0015 	 0.0187 0.0036 	 0.0143 0.0030 	 0.0235 0.0045 	 0.0525 0.0090 	 0.0508 0.0092 
36 	 0.0072 0.0014 	 0.0186 0.0035 	 0.0145 0.0029 	 0.0234 0.0043 	 0.0521 0.0092 	 0.0511 0.0085 
37 	 0.0070 0.0015 	 0.0181 0.0039 	 0.0143 0.0030 	 0.0233 0.0044 	 0.0515 0.0093 	 0.0512 0.0091 
38 	 0.0073 0.0015 	 0.0184 0.0036 	 0.0146 0.0029 	 0.0240 0.0044 	 0.0519 0.0092 	 0.0516 0.0088 
39 	 0.0066 0.0016 	 0.0172 0.0038 	 0.0136 0.0031 	 0.0219 0.0047 	 0.0485 0.0097 	 0.0483 0.0093 
40 	 0.0067 0.0016 	 0.0179 0.0038 	 0.0137 0.0031 	 0.0227 0.0047 	 0.0511 0.0095 	 0.0498 0.0096 
41 	 0.0069 0.0016 	 0.0181 0.0039 	 0.0137 0.0030 	 0.0224 0.0047 	 0.0513 0.0096 	 0.0489 0.0096 
42 	 0.0070 0.0015 	 0.0183 0.0037 	 0.0143 0.0030 	 0.0226 0.0047 	 0.0522 0.0092 	 0.0497 0.0096 
43 	 0.0072 0.0016 	 0.0188 0.0037 	 0.0146 0.0030 	 0.0230 0.0049 	 0.0520 0.0093 	 0.0508 0.0096 
44 	 0.0074 0.0014 	 0.0193 0.0034 	 0.0151 0.0028 	 0.0245 0.0038 	 0.0539 0.0085 	 0.0537 0.0081 
45 	 0.0071 0.0015 	 0.0183 0.0037 	 0.0143 0.0030 	 0.0226 0.0048 	 0.0519 0.0093 	 0.0508 0.0093 
