Task 	 PA 	 PA_NV 	 PA_SL 	 HetOTL 	 HetOTL_SL 	 OTLHS 
1 	 99.8640 0.3781 	 98.6520 0.7876 	 100.0000 0.0000 	 199.9960 0.0400 	 399.9200 0.3505 	 393.6360 3.2462 
2 	 94.8680 0.7661 	 99.5080 0.6663 	 99.9920 0.0631 	 199.8640 0.3227 	 392.7800 1.8970 	 353.3800 2.2051 
3 	 98.7160 0.5608 	 99.5620 0.5473 	 100.0000 0.0000 	 200.0000 0.0000 	 399.7760 0.6105 	 383.4160 2.7837 
4 	 99.9120 0.2999 	 99.7720 0.4981 	 100.0000 0.0000 	 200.0000 0.0000 	 399.8760 0.4318 	 393.2880 3.8880 
5 	 97.0820 0.6946 	 99.5560 0.6498 	 100.0000 0.0000 	 199.9600 0.2165 	 399.2320 1.3010 	 384.0000 2.7195 
6 	 98.6580 0.6019 	 98.9300 0.6403 	 100.0000 0.0000 	 200.0000 0.0000 	 398.8920 1.2324 	 381.4480 2.8499 
7 	 99.7000 0.4744 	 99.5780 0.4972 	 100.0000 0.0000 	 200.0000 0.0000 	 396.6000 1.7436 	 387.6760 2.0661 
8 	 99.4420 0.5730 	 99.1020 0.6379 	 100.0000 0.0000 	 200.0000 0.0000 	 399.7800 0.6736 	 394.3680 2.8237 
9 	 98.8820 0.5764 	 99.8620 0.3071 	 100.0000 0.0000 	 200.0000 0.0000 	 399.9160 0.3951 	 388.3760 3.1087 
10 	 99.5380 0.5690 	 97.7960 0.7032 	 100.0000 0.0000 	 199.9960 0.0400 	 393.9920 1.5642 	 385.0360 1.7274 
11 	 98.8480 0.6229 	 99.4120 0.5362 	 100.0000 0.0000 	 200.0000 0.0000 	 397.8960 1.4557 	 382.1400 2.3996 
12 	 99.9140 0.2916 	 99.5580 0.5779 	 100.0000 0.0000 	 200.0000 0.0000 	 399.7960 0.4907 	 392.4640 2.7990 
13 	 99.9140 0.3012 	 99.9020 0.2486 	 100.0000 0.0000 	 200.0000 0.0000 	 399.9920 0.0800 	 394.2240 2.9241 
14 	 95.1020 0.6398 	 99.8480 0.3116 	 99.9980 0.0200 	 199.9480 0.2022 	 387.3000 1.9796 	 368.1160 2.2146 
15 	 98.7720 0.5819 	 99.7420 0.4200 	 100.0000 0.0000 	 200.0000 0.0000 	 397.7320 1.4350 	 386.6600 2.2872 
16 	 99.9460 0.2393 	 99.6900 0.6801 	 100.0000 0.0000 	 200.0000 0.0000 	 395.4720 1.8614 	 387.3920 2.5631 
17 	 99.9160 0.2053 	 99.7740 0.3347 	 100.0000 0.0000 	 200.0000 0.0000 	 399.9320 0.2670 	 393.7000 2.8160 
18 	 99.7680 0.4318 	 99.9320 0.2365 	 100.0000 0.0000 	 200.0000 0.0000 	 397.8680 1.6041 	 388.7440 2.4441 
19 	 99.1900 0.6577 	 98.2760 0.6431 	 100.0000 0.0000 	 200.0000 0.0000 	 395.3680 1.8310 	 382.4440 2.9476 
20 	 99.8300 0.3860 	 98.1620 0.7019 	 100.0000 0.0000 	 200.0000 0.0000 	 395.1360 1.6602 	 385.2520 2.0114 
21 	 97.8200 0.7160 	 99.5840 0.6041 	 100.0000 0.0000 	 199.9960 0.0400 	 394.5600 1.7254 	 387.2360 1.8693 
22 	 99.9140 0.2671 	 97.1120 0.6602 	 100.0000 0.0000 	 200.0000 0.0000 	 386.8240 1.7887 	 376.4520 2.4172 
23 	 96.3760 0.6626 	 99.9360 0.1750 	 100.0000 0.0000 	 200.0000 0.0000 	 389.1880 1.7656 	 381.0920 2.0569 
24 	 98.6820 0.7381 	 99.4300 0.6510 	 99.9980 0.0200 	 199.9960 0.0400 	 399.5200 1.0281 	 391.6600 3.5937 
25 	 99.7920 0.4273 	 97.0580 0.7142 	 100.0000 0.0000 	 199.9800 0.2000 	 399.1080 1.1297 	 384.3440 2.9738 
26 	 99.9040 0.3646 	 99.9540 0.2125 	 100.0000 0.0000 	 200.0000 0.0000 	 399.8560 0.4495 	 393.7400 2.4673 
27 	 99.8920 0.2777 	 99.9420 0.1565 	 100.0000 0.0000 	 200.0000 0.0000 	 399.9800 0.1044 	 396.0600 2.5396 
28 	 96.3760 0.7249 	 96.3060 0.7372 	 99.9980 0.0200 	 199.9960 0.0400 	 395.6680 1.9752 	 346.9560 2.0718 
29 	 98.9760 0.7057 	 99.8740 0.3395 	 100.0000 0.0000 	 200.0000 0.0000 	 398.4280 1.2210 	 389.0320 2.4613 
30 	 97.4640 0.6968 	 97.6320 0.6628 	 100.0000 0.0000 	 200.0000 0.0000 	 398.0480 1.4916 	 365.2520 2.6555 
31 	 99.5480 0.5106 	 99.6660 0.4924 	 100.0000 0.0000 	 200.0000 0.0000 	 399.6240 0.7996 	 394.1640 1.9356 
32 	 98.2940 0.6198 	 99.6000 0.5497 	 100.0000 0.0000 	 200.0000 0.0000 	 399.5600 0.8307 	 391.3320 2.6221 
33 	 99.4800 0.6464 	 99.4920 0.7188 	 100.0000 0.0000 	 200.0000 0.0000 	 399.8760 0.6623 	 389.9640 3.7012 
34 	 99.8220 0.4272 	 99.8760 0.2937 	 100.0000 0.0000 	 200.0000 0.0000 	 399.9440 0.3166 	 393.5760 3.3441 
35 	 99.5000 0.7366 	 98.5580 0.8647 	 100.0000 0.0000 	 199.9920 0.0800 	 397.9240 1.8931 	 385.7640 2.9630 
36 	 96.8900 0.6314 	 95.8420 0.6971 	 100.0000 0.0000 	 198.6040 0.9123 	 387.8440 1.5019 	 373.9680 2.0346 
37 	 98.3240 0.6979 	 99.6600 0.4911 	 100.0000 0.0000 	 199.9960 0.0400 	 396.9520 1.3583 	 389.4480 1.8517 
38 	 99.9400 0.1938 	 97.5620 0.6604 	 100.0000 0.0000 	 200.0000 0.0000 	 397.3840 1.6686 	 385.7200 2.8339 
39 	 99.8600 0.3405 	 99.1800 0.5427 	 100.0000 0.0000 	 200.0000 0.0000 	 398.9080 1.2532 	 388.4560 3.3534 
40 	 99.8920 0.2777 	 99.7420 0.4725 	 100.0000 0.0000 	 200.0000 0.0000 	 399.6400 1.0018 	 394.2520 2.4266 
41 	 99.8240 0.3890 	 98.8580 0.5779 	 100.0000 0.0000 	 200.0000 0.0000 	 399.9400 0.3235 	 392.2440 3.3500 
42 	 98.6460 0.7595 	 99.6620 0.5525 	 100.0000 0.0000 	 200.0000 0.0000 	 399.7800 0.5581 	 384.0520 3.1366 
43 	 99.1820 0.6078 	 99.6760 0.5294 	 100.0000 0.0000 	 200.0000 0.0000 	 398.7960 1.2067 	 391.6760 2.1033 
44 	 99.7720 0.4030 	 99.6040 0.4964 	 100.0000 0.0000 	 200.0000 0.0000 	 396.0680 1.6644 	 387.6600 2.0923 
45 	 99.6620 0.5247 	 99.4660 0.5742 	 100.0000 0.0000 	 200.0000 0.0000 	 399.3760 1.3325 	 392.1560 2.3177 
