Task 	 PA 	 PA_NV 	 PA_SL 	 HetOTL 	 HetOTL_SL 	 OTLHS 
1 	 51.2000 0.0000 	 43.2000 1.8852 	 51.2000 0.0000 	 41.4900 1.7402 	 36.9280 1.4936 	 36.9340 1.4956 
2 	 50.6000 0.0000 	 35.9220 1.5271 	 50.6000 0.0000 	 33.4980 1.3870 	 29.1140 1.2987 	 29.1280 1.2941 
3 	 49.6000 0.0000 	 39.5200 2.0763 	 49.6000 0.0000 	 37.2200 1.5566 	 32.7740 1.2545 	 32.7820 1.2460 
4 	 50.2000 0.0000 	 44.9860 1.9391 	 50.2000 0.0000 	 43.5360 1.7489 	 38.0400 1.5604 	 38.0860 1.5493 
5 	 48.6000 0.0000 	 41.0020 1.7971 	 48.6000 0.0000 	 38.9380 1.5750 	 34.1640 1.4000 	 34.1680 1.3966 
6 	 50.4000 0.0000 	 36.1880 1.6843 	 50.4000 0.0000 	 33.6700 1.4501 	 28.5740 1.2882 	 28.5820 1.2887 
7 	 48.4000 0.0000 	 44.8680 1.9184 	 48.4000 0.0000 	 43.5480 1.7564 	 39.6840 1.6298 	 39.6860 1.6311 
8 	 51.8000 0.0000 	 43.4200 1.7369 	 51.8000 0.0000 	 41.5880 1.6406 	 36.3260 1.5231 	 36.3340 1.5179 
9 	 49.2000 0.0000 	 38.8480 1.6688 	 49.2000 0.0000 	 36.6860 1.3764 	 31.3600 1.3636 	 31.3660 1.3565 
10 	 52.2000 0.0000 	 42.2280 1.8729 	 52.2000 0.0000 	 40.6360 1.7584 	 36.9120 1.5581 	 36.9480 1.5657 
11 	 49.8000 0.0000 	 36.8280 1.4796 	 49.8000 0.0000 	 34.0440 1.3717 	 28.6940 1.1604 	 28.7080 1.1625 
12 	 49.0000 0.0000 	 42.0620 1.9837 	 49.0000 0.0000 	 39.8820 1.6717 	 33.9700 1.2894 	 33.9740 1.2985 
13 	 51.0000 0.0000 	 40.9220 1.6658 	 51.0000 0.0000 	 38.2700 1.3392 	 33.2660 1.3135 	 33.2820 1.3135 
14 	 50.6000 0.0000 	 36.9960 1.6285 	 50.6000 0.0000 	 34.2740 1.4455 	 29.2940 1.3006 	 29.2900 1.3047 
15 	 49.8000 0.0000 	 37.3940 1.5895 	 49.8000 0.0000 	 34.6880 1.2938 	 29.8460 1.1620 	 29.8500 1.1756 
16 	 49.2000 0.0000 	 44.6580 2.1056 	 49.2000 0.0000 	 43.0480 1.7508 	 37.5160 1.2502 	 37.5080 1.2708 
17 	 49.4000 0.0000 	 39.8980 1.8163 	 49.4000 0.0000 	 38.0220 1.7131 	 33.4700 1.3676 	 33.4680 1.3672 
18 	 50.4000 0.0000 	 38.0920 1.6006 	 50.4000 0.0000 	 35.9440 1.5053 	 31.3660 1.2459 	 31.3740 1.2571 
19 	 48.8000 0.0000 	 36.8540 1.7108 	 48.8000 0.0000 	 34.1020 1.4621 	 28.7540 1.3354 	 28.7800 1.3314 
20 	 51.0000 0.0000 	 40.4540 1.8405 	 51.0000 0.0000 	 38.6120 1.6879 	 34.3640 1.4838 	 34.3680 1.4787 
21 	 50.6000 0.0000 	 42.7400 1.7894 	 50.6000 0.0000 	 41.5600 1.7517 	 37.8320 1.4778 	 37.8460 1.4790 
22 	 50.0000 0.0000 	 35.5000 1.6087 	 50.0000 0.0000 	 32.5800 1.4035 	 27.5440 1.2795 	 27.5560 1.2724 
23 	 49.6000 0.0000 	 38.8780 1.9388 	 49.6000 0.0000 	 36.8720 1.4906 	 33.2760 1.4309 	 33.2800 1.4287 
24 	 49.2000 0.0000 	 34.8680 1.7142 	 49.2000 0.0000 	 32.0420 1.5051 	 27.7540 1.2249 	 27.7400 1.2327 
25 	 50.6000 0.0000 	 36.1580 1.5288 	 50.6000 0.0000 	 33.2200 1.1791 	 27.6940 1.0804 	 27.6780 1.0529 
26 	 49.0000 0.0000 	 41.7480 1.9400 	 49.0000 0.0000 	 39.8840 1.7545 	 35.2560 1.4590 	 35.2500 1.4468 
27 	 49.8000 0.0000 	 40.9680 1.7386 	 49.8000 0.0000 	 39.3600 1.7270 	 34.8580 1.4736 	 34.8660 1.4733 
28 	 50.4000 0.0000 	 27.5780 1.5069 	 50.4000 0.0000 	 24.2960 1.0615 	 20.1040 0.9400 	 20.1140 0.9395 
29 	 49.4920 0.1002 	 40.5840 1.6829 	 49.4920 0.1002 	 38.6360 1.4479 	 34.0580 1.6442 	 34.0720 1.6408 
30 	 51.1040 0.1004 	 33.4040 1.6682 	 51.1040 0.1004 	 29.9880 1.4010 	 25.3140 1.1708 	 25.3140 1.1614 
31 	 48.2000 0.0000 	 46.3820 2.0253 	 48.2000 0.0000 	 45.1220 1.9204 	 39.8500 1.7033 	 39.8720 1.7232 
32 	 50.2000 0.0000 	 39.9240 1.8186 	 50.2000 0.0000 	 37.5320 1.5043 	 31.3760 1.4468 	 31.3840 1.4444 
33 	 49.2000 0.0000 	 39.4800 1.6875 	 49.2000 0.0000 	 36.7600 1.4548 	 31.9520 1.2041 	 31.9700 1.2021 
34 	 49.0000 0.0000 	 41.9160 1.8189 	 49.0000 0.0000 	 40.0360 1.8183 	 35.8520 1.4006 	 35.8740 1.3922 
35 	 49.2000 0.0000 	 34.6580 1.6407 	 49.2000 0.0000 	 31.9820 1.1912 	 27.0500 1.0770 	 27.0740 1.0741 
36 	 50.6000 0.1990 	 36.9040 1.6299 	 50.6000 0.1990 	 34.6580 1.2966 	 30.7560 1.2182 	 30.7860 1.2238 
37 	 50.8000 0.0000 	 39.7000 1.7123 	 50.8000 0.0000 	 37.9880 1.4920 	 33.4480 1.4002 	 33.4320 1.3978 
38 	 50.6000 0.0000 	 35.1320 1.4741 	 50.6000 0.0000 	 31.9760 1.3139 	 27.1860 1.2058 	 27.1900 1.2099 
39 	 50.2000 0.0000 	 39.9580 1.6763 	 50.2000 0.0000 	 38.0700 1.7325 	 33.5560 1.4018 	 33.5600 1.3999 
40 	 48.4100 0.1514 	 47.9260 1.9392 	 48.4100 0.1514 	 46.7240 1.7228 	 42.3340 1.4894 	 42.3320 1.4921 
41 	 49.6000 0.0000 	 39.5600 1.7389 	 49.6000 0.0000 	 37.7480 1.4430 	 31.9720 1.3466 	 31.9740 1.3405 
42 	 48.0000 0.0000 	 36.8940 1.6403 	 48.0000 0.0000 	 34.7060 1.5907 	 30.3920 1.2754 	 30.3940 1.2740 
43 	 49.8000 0.0000 	 40.6700 2.0315 	 49.8000 0.0000 	 38.7280 1.6212 	 33.3280 1.4491 	 33.3500 1.4373 
44 	 49.4000 0.0000 	 39.5360 1.7677 	 49.4000 0.0000 	 37.1680 1.4303 	 31.8640 1.3603 	 31.8780 1.3360 
45 	 51.4000 0.0000 	 40.5880 1.9951 	 51.4000 0.0000 	 38.6400 1.7181 	 33.8380 1.3867 	 33.8320 1.3756 
