Task 	 PA 	 PA_NV 	 PA_SL 	 HetOTL 	 HetOTL_SL 	 OTLHS 
1 	 0.0064 0.0015 	 0.0157 0.0033 	 0.0129 0.0029 	 0.0207 0.0043 	 0.0456 0.0088 	 0.0454 0.0086 
2 	 0.0065 0.0015 	 0.0158 0.0036 	 0.0130 0.0030 	 0.0199 0.0045 	 0.0446 0.0092 	 0.0445 0.0093 
3 	 0.0068 0.0015 	 0.0173 0.0036 	 0.0138 0.0031 	 0.0217 0.0045 	 0.0486 0.0089 	 0.0479 0.0092 
4 	 0.0061 0.0014 	 0.0158 0.0034 	 0.0124 0.0028 	 0.0197 0.0043 	 0.0441 0.0088 	 0.0438 0.0084 
5 	 0.0059 0.0014 	 0.0152 0.0032 	 0.0120 0.0027 	 0.0194 0.0042 	 0.0436 0.0088 	 0.0432 0.0085 
6 	 0.0066 0.0015 	 0.0167 0.0036 	 0.0131 0.0031 	 0.0205 0.0045 	 0.0471 0.0097 	 0.0456 0.0092 
7 	 0.0063 0.0015 	 0.0164 0.0035 	 0.0125 0.0029 	 0.0206 0.0045 	 0.0462 0.0089 	 0.0449 0.0091 
8 	 0.0060 0.0014 	 0.0156 0.0033 	 0.0122 0.0028 	 0.0195 0.0043 	 0.0443 0.0087 	 0.0436 0.0086 
9 	 0.0063 0.0015 	 0.0161 0.0034 	 0.0127 0.0029 	 0.0203 0.0044 	 0.0461 0.0091 	 0.0448 0.0090 
10 	 0.0061 0.0014 	 0.0156 0.0035 	 0.0121 0.0026 	 0.0192 0.0040 	 0.0440 0.0086 	 0.0424 0.0078 
11 	 0.0061 0.0014 	 0.0158 0.0033 	 0.0122 0.0027 	 0.0194 0.0040 	 0.0438 0.0084 	 0.0434 0.0084 
12 	 0.0076 0.0014 	 0.0194 0.0033 	 0.0154 0.0027 	 0.0249 0.0033 	 0.0554 0.0071 	 0.0537 0.0084 
13 	 0.0076 0.0013 	 0.0194 0.0031 	 0.0151 0.0025 	 0.0247 0.0037 	 0.0549 0.0074 	 0.0542 0.0078 
14 	 0.0073 0.0014 	 0.0188 0.0035 	 0.0146 0.0029 	 0.0232 0.0044 	 0.0529 0.0087 	 0.0512 0.0090 
15 	 0.0077 0.0012 	 0.0199 0.0028 	 0.0155 0.0024 	 0.0245 0.0038 	 0.0546 0.0079 	 0.0550 0.0074 
16 	 0.0074 0.0013 	 0.0193 0.0034 	 0.0151 0.0027 	 0.0241 0.0043 	 0.0536 0.0081 	 0.0531 0.0082 
17 	 0.0074 0.0014 	 0.0191 0.0034 	 0.0150 0.0027 	 0.0242 0.0039 	 0.0537 0.0080 	 0.0533 0.0082 
18 	 0.0073 0.0014 	 0.0187 0.0035 	 0.0148 0.0028 	 0.0238 0.0045 	 0.0530 0.0091 	 0.0519 0.0089 
19 	 0.0073 0.0014 	 0.0191 0.0035 	 0.0148 0.0028 	 0.0243 0.0041 	 0.0540 0.0084 	 0.0533 0.0085 
20 	 0.0073 0.0014 	 0.0188 0.0035 	 0.0149 0.0027 	 0.0236 0.0043 	 0.0528 0.0084 	 0.0526 0.0085 
21 	 0.0069 0.0016 	 0.0177 0.0038 	 0.0139 0.0030 	 0.0228 0.0046 	 0.0505 0.0090 	 0.0502 0.0100 
22 	 0.0068 0.0016 	 0.0181 0.0038 	 0.0137 0.0031 	 0.0229 0.0046 	 0.0523 0.0093 	 0.0504 0.0096 
23 	 0.0066 0.0016 	 0.0173 0.0038 	 0.0136 0.0031 	 0.0219 0.0048 	 0.0490 0.0101 	 0.0492 0.0097 
24 	 0.0073 0.0014 	 0.0188 0.0036 	 0.0146 0.0028 	 0.0226 0.0047 	 0.0517 0.0093 	 0.0510 0.0094 
25 	 0.0070 0.0015 	 0.0184 0.0039 	 0.0142 0.0030 	 0.0235 0.0044 	 0.0520 0.0089 	 0.0510 0.0093 
26 	 0.0066 0.0016 	 0.0170 0.0038 	 0.0134 0.0031 	 0.0214 0.0047 	 0.0477 0.0099 	 0.0477 0.0097 
27 	 0.0066 0.0016 	 0.0173 0.0039 	 0.0134 0.0031 	 0.0217 0.0049 	 0.0480 0.0101 	 0.0484 0.0097 
28 	 0.0071 0.0015 	 0.0188 0.0036 	 0.0147 0.0028 	 0.0239 0.0042 	 0.0530 0.0088 	 0.0531 0.0084 
29 	 0.0069 0.0015 	 0.0180 0.0038 	 0.0141 0.0031 	 0.0230 0.0046 	 0.0510 0.0098 	 0.0506 0.0095 
30 	 0.0068 0.0016 	 0.0178 0.0039 	 0.0138 0.0032 	 0.0224 0.0048 	 0.0497 0.0098 	 0.0495 0.0095 
31 	 0.0072 0.0016 	 0.0184 0.0038 	 0.0144 0.0029 	 0.0235 0.0047 	 0.0518 0.0096 	 0.0507 0.0096 
32 	 0.0071 0.0015 	 0.0183 0.0038 	 0.0144 0.0030 	 0.0232 0.0045 	 0.0522 0.0092 	 0.0510 0.0091 
33 	 0.0074 0.0014 	 0.0186 0.0037 	 0.0147 0.0028 	 0.0238 0.0042 	 0.0532 0.0086 	 0.0522 0.0091 
34 	 0.0072 0.0014 	 0.0185 0.0036 	 0.0148 0.0027 	 0.0233 0.0044 	 0.0526 0.0088 	 0.0522 0.0088 
35 	 0.0071 0.0016 	 0.0180 0.0039 	 0.0143 0.0031 	 0.0230 0.0045 	 0.0507 0.0092 	 0.0507 0.0093 
36 	 0.0072 0.0016 	 0.0183 0.0038 	 0.0147 0.0030 	 0.0233 0.0044 	 0.0513 0.0094 	 0.0522 0.0092 
37 	 0.0067 0.0016 	 0.0175 0.0038 	 0.0138 0.0031 	 0.0222 0.0048 	 0.0501 0.0095 	 0.0494 0.0098 
38 	 0.0071 0.0015 	 0.0185 0.0036 	 0.0143 0.0030 	 0.0233 0.0044 	 0.0514 0.0092 	 0.0516 0.0091 
39 	 0.0070 0.0015 	 0.0179 0.0038 	 0.0145 0.0031 	 0.0225 0.0047 	 0.0504 0.0098 	 0.0510 0.0093 
40 	 0.0071 0.0016 	 0.0182 0.0037 	 0.0144 0.0030 	 0.0223 0.0049 	 0.0509 0.0095 	 0.0505 0.0094 
41 	 0.0068 0.0016 	 0.0179 0.0038 	 0.0140 0.0031 	 0.0221 0.0048 	 0.0505 0.0098 	 0.0493 0.0095 
42 	 0.0070 0.0015 	 0.0179 0.0037 	 0.0141 0.0031 	 0.0225 0.0046 	 0.0512 0.0096 	 0.0502 0.0091 
43 	 0.0072 0.0015 	 0.0189 0.0036 	 0.0146 0.0030 	 0.0234 0.0044 	 0.0531 0.0091 	 0.0522 0.0093 
44 	 0.0071 0.0015 	 0.0188 0.0037 	 0.0145 0.0030 	 0.0239 0.0044 	 0.0534 0.0089 	 0.0522 0.0091 
45 	 0.0076 0.0012 	 0.0198 0.0030 	 0.0155 0.0026 	 0.0249 0.0034 	 0.0553 0.0078 	 0.0548 0.0077 
