Task 	 PA 	 PA_NV 	 PA_SL 	 HetOTL 	 HetOTL_SL 	 OTLHS 
1 	 48.5200 1.1459 	 47.8560 1.4114 	 48.5140 1.1279 	 48.1840 1.2667 	 43.6840 2.4413 	 43.6840 2.4413 
2 	 45.8960 3.3452 	 40.7080 2.9287 	 45.5240 3.2951 	 41.6200 4.6524 	 35.7500 4.1735 	 35.7500 4.1735 
3 	 46.6140 2.3752 	 45.7660 2.9776 	 46.4620 2.3432 	 43.7940 2.3451 	 39.7380 3.1758 	 39.7380 3.1758 
4 	 49.5480 1.0894 	 48.3520 1.7207 	 49.4520 1.1169 	 48.9280 1.4460 	 44.5060 2.3883 	 44.5060 2.3883 
5 	 46.3220 2.5730 	 45.6920 2.0559 	 46.1560 2.5333 	 45.8100 2.6524 	 39.5300 3.3665 	 39.5300 3.3665 
6 	 43.3720 3.4222 	 44.8260 3.3580 	 42.9940 3.2168 	 39.9820 3.0718 	 38.3480 3.7501 	 38.3480 3.7501 
7 	 45.0360 2.0377 	 48.0840 1.1783 	 44.8160 1.9535 	 46.3600 1.8224 	 47.6040 1.8747 	 47.6040 1.8747 
8 	 48.2560 0.9831 	 47.5600 1.6593 	 48.2680 0.9934 	 47.8600 1.3608 	 45.5020 2.6217 	 45.5020 2.6217 
9 	 46.1460 2.8089 	 44.4560 2.5394 	 45.9380 2.7920 	 44.2920 2.9612 	 38.2600 3.1728 	 38.2600 3.1728 
10 	 48.2140 1.0043 	 47.3000 1.3732 	 48.1820 1.0480 	 47.5740 1.2439 	 46.6340 1.8788 	 46.6340 1.8788 
11 	 43.6760 3.1873 	 40.0700 3.3847 	 43.3720 3.1040 	 41.9160 3.8398 	 39.2560 4.4263 	 39.2560 4.4263 
12 	 48.9080 1.0740 	 45.4820 2.6139 	 48.9100 1.0777 	 45.6500 2.0981 	 44.6620 3.8086 	 44.6620 3.8086 
13 	 45.3960 2.4334 	 41.8260 2.4846 	 45.1420 2.4068 	 43.2520 2.8466 	 38.2380 3.1116 	 38.2380 3.1116 
14 	 44.8200 3.4800 	 40.6560 3.2323 	 44.4440 3.4773 	 43.0820 4.4295 	 43.5860 4.5125 	 43.5860 4.5125 
15 	 46.0960 2.2822 	 40.9160 2.7623 	 45.8000 2.2316 	 43.4140 3.1714 	 42.2080 4.3185 	 42.2080 4.3185 
16 	 48.5920 1.1104 	 46.8420 2.1073 	 48.4580 1.0511 	 47.4500 1.5966 	 48.6500 2.5495 	 48.6500 2.5495 
17 	 45.2700 2.1657 	 43.8200 2.8322 	 45.0880 2.0913 	 44.3840 2.4629 	 41.3760 3.7830 	 41.3760 3.7830 
18 	 44.7900 3.1445 	 42.6240 2.5235 	 44.4400 3.1126 	 43.0920 2.9298 	 44.5400 3.7053 	 44.5400 3.7053 
19 	 42.1140 3.0429 	 47.2800 2.2479 	 41.7900 2.9473 	 43.2060 3.0188 	 45.0040 3.9936 	 45.0040 3.9936 
20 	 46.2260 2.4848 	 46.7360 2.6929 	 45.9300 2.4282 	 46.6800 2.7337 	 45.6440 3.2227 	 45.6440 3.2227 
21 	 46.2560 3.0842 	 48.0340 1.6151 	 45.9320 3.0272 	 47.1300 2.6460 	 48.3860 1.7945 	 48.3860 1.7945 
22 	 43.4720 3.0177 	 47.8060 2.7401 	 43.2340 2.8101 	 46.0520 3.6868 	 48.1440 2.4536 	 48.1440 2.4536 
23 	 42.9620 4.4216 	 44.9520 2.4776 	 42.2240 4.2573 	 43.2860 4.5709 	 47.8140 3.3464 	 47.8140 3.3464 
24 	 42.2380 3.6105 	 43.0160 4.1526 	 41.8620 3.3349 	 43.1440 4.5089 	 37.8880 4.9928 	 37.8880 4.9928 
25 	 42.9000 3.7154 	 46.8900 3.0244 	 42.5780 3.6050 	 45.3560 3.8640 	 38.2520 4.3786 	 38.2520 4.3786 
26 	 47.1920 1.7823 	 46.4500 1.7374 	 47.0480 1.6590 	 46.8100 1.8040 	 46.2420 2.6705 	 46.2420 2.6705 
27 	 46.1240 2.0966 	 45.2800 2.1221 	 45.8840 2.0127 	 45.9840 2.3778 	 43.5060 3.5797 	 43.5060 3.5797 
28 	 42.2420 4.4850 	 44.6580 4.7035 	 41.6100 4.2292 	 32.3480 4.1992 	 27.8160 4.1440 	 27.8160 4.1440 
29 	 48.4880 1.4002 	 45.1080 2.0472 	 48.3920 1.3836 	 47.0640 2.1337 	 44.4240 2.9794 	 44.4240 2.9794 
30 	 41.2100 4.2992 	 46.3280 3.1574 	 40.7020 4.1276 	 36.0080 3.4891 	 31.7880 3.8484 	 31.7880 3.8484 
31 	 49.0260 0.9104 	 49.0680 0.9399 	 48.9720 0.9251 	 48.9580 0.8032 	 47.1100 1.6912 	 47.1100 1.6912 
32 	 46.7780 2.5168 	 46.7660 2.6995 	 46.5180 2.4320 	 43.3180 2.5090 	 44.1380 4.1461 	 44.1380 4.1461 
33 	 46.8120 2.4274 	 42.3400 2.9455 	 46.6420 2.4530 	 43.7320 3.0516 	 38.5820 3.2525 	 38.5820 3.2525 
34 	 44.3520 2.2563 	 45.6660 2.2271 	 44.1840 2.1895 	 44.7360 2.2816 	 42.5280 3.1583 	 42.5280 3.1583 
35 	 45.2580 3.1218 	 43.9820 4.1933 	 44.8380 3.1892 	 40.1080 3.8727 	 42.0980 5.4910 	 42.0980 5.4910 
36 	 42.6380 4.1093 	 39.7580 3.6462 	 41.9860 3.9149 	 41.0420 4.4576 	 44.6500 4.3589 	 44.6500 4.3589 
37 	 46.4160 2.1169 	 46.6400 2.2260 	 46.1720 2.0913 	 46.4860 2.2142 	 46.1640 3.0395 	 46.1640 3.0395 
38 	 43.0460 2.8512 	 44.7040 3.6662 	 42.8020 2.6266 	 43.2740 4.3168 	 42.4640 5.0828 	 42.4640 5.0828 
39 	 42.6100 3.1127 	 47.6260 2.1397 	 42.2820 2.9669 	 44.7480 2.7535 	 43.4480 4.1969 	 43.4480 4.1969 
40 	 46.7160 1.5237 	 48.8360 0.9313 	 46.5000 1.4821 	 48.0640 1.1952 	 48.4620 2.9894 	 48.4620 2.9894 
41 	 45.1760 2.8433 	 47.6840 2.1290 	 44.7640 2.6946 	 45.1520 2.8114 	 41.1960 3.2277 	 41.1960 3.2277 
42 	 38.5240 3.5175 	 44.7900 2.6329 	 38.0360 3.2167 	 39.2580 3.1580 	 36.6220 4.1796 	 36.6220 4.1796 
43 	 43.8040 3.2624 	 47.0160 2.1673 	 43.4400 3.0475 	 45.7320 3.3191 	 46.4860 3.3337 	 46.4860 3.3337 
44 	 44.3740 3.4292 	 47.4040 2.6448 	 44.1260 3.2581 	 43.7080 2.7176 	 47.2760 2.9538 	 47.2760 2.9538 
45 	 46.1480 2.7753 	 46.7880 2.3158 	 46.0020 2.7222 	 46.5620 2.5898 	 45.2360 3.0540 	 45.2360 3.0540 
