Task 	 PA 	 PA_NV 	 PA_SL 	 HetOTL 	 HetOTL_SL 	 OTLHS 
1 	 35.4740 1.7980 	 43.2000 1.8852 	 35.8160 1.8376 	 41.3100 1.8641 	 36.6520 1.4621 	 36.6940 1.4827 
2 	 23.7820 1.3346 	 35.9220 1.5271 	 23.8960 1.3752 	 31.1220 1.3511 	 27.1060 1.2762 	 27.1420 1.2746 
3 	 32.8700 1.4157 	 39.5200 2.0763 	 32.7420 1.5813 	 36.2800 1.6997 	 32.1420 1.4780 	 32.1900 1.4728 
4 	 37.2140 1.6363 	 44.9860 1.9391 	 37.2920 1.7149 	 43.2440 1.7222 	 37.8180 1.5539 	 37.8280 1.5927 
5 	 28.5900 1.2399 	 41.0020 1.7971 	 28.3580 1.2486 	 38.0640 1.4675 	 33.6020 1.5602 	 33.6380 1.5494 
6 	 28.1920 1.5691 	 36.1880 1.6843 	 28.5000 1.5485 	 33.1100 1.3640 	 28.3160 1.2631 	 28.3500 1.2602 
7 	 35.6080 1.5271 	 44.8680 1.9184 	 35.6020 1.4770 	 41.2400 1.7718 	 38.2540 1.6173 	 38.3280 1.6344 
8 	 38.7180 1.6144 	 43.4200 1.7369 	 38.6520 1.4477 	 41.2020 1.6267 	 36.1740 1.4903 	 36.2040 1.4948 
9 	 29.4680 1.6116 	 38.8480 1.6688 	 29.6520 1.5177 	 35.6100 1.3667 	 30.6840 1.3391 	 30.7140 1.3364 
10 	 36.9420 1.9057 	 42.2280 1.8729 	 37.2760 1.9035 	 40.6580 1.8022 	 36.9380 1.4539 	 36.9540 1.4702 
11 	 26.7760 1.3681 	 36.8280 1.4796 	 26.7100 1.2486 	 32.3400 1.4709 	 27.6100 1.2583 	 27.6260 1.2686 
12 	 38.0840 1.6753 	 42.0620 1.9837 	 38.1720 1.7181 	 39.9460 1.6409 	 34.0360 1.2803 	 34.0480 1.2896 
13 	 28.3220 1.8997 	 40.9220 1.6658 	 28.3120 1.9362 	 37.8120 1.4614 	 32.9660 1.2378 	 32.9720 1.2388 
14 	 26.1660 1.5845 	 36.9960 1.6285 	 26.2500 1.5309 	 30.1540 1.3969 	 26.2940 1.2195 	 26.3260 1.2166 
15 	 30.9940 1.5907 	 37.3940 1.5895 	 31.4160 1.6105 	 32.4400 1.4948 	 28.1180 1.3621 	 28.1660 1.3595 
16 	 36.9120 1.5715 	 44.6580 2.1056 	 37.2180 1.6108 	 42.7880 1.7181 	 37.4040 1.2961 	 37.4160 1.3035 
17 	 29.1360 1.3707 	 39.8980 1.8163 	 29.1440 1.5061 	 37.1740 1.6100 	 32.9320 1.3031 	 32.9400 1.3186 
18 	 25.8300 1.4336 	 38.0920 1.6006 	 26.4720 1.4499 	 35.2440 1.4992 	 30.7480 1.1774 	 30.7560 1.1863 
19 	 27.7680 1.8505 	 36.8540 1.7108 	 27.6380 1.9185 	 33.4780 1.5237 	 28.4440 1.2458 	 28.4520 1.2357 
20 	 32.4360 1.8454 	 40.4540 1.8405 	 32.5080 1.9169 	 38.5120 1.7198 	 34.0620 1.4544 	 34.0840 1.4451 
21 	 34.2340 1.9822 	 42.7400 1.7894 	 34.6040 2.0837 	 40.6280 1.5421 	 37.1160 1.4239 	 37.1360 1.4196 
22 	 28.1360 1.7300 	 35.5000 1.6087 	 28.2860 1.8482 	 32.3080 1.4821 	 27.3340 1.2805 	 27.3400 1.2787 
23 	 27.0060 1.2875 	 38.8780 1.9388 	 27.0720 1.3244 	 34.4620 1.5180 	 31.5080 1.4172 	 31.5440 1.4355 
24 	 29.3900 2.2758 	 34.8680 1.7142 	 29.8200 2.5102 	 30.9480 1.3063 	 27.0720 1.1948 	 27.0780 1.2003 
25 	 22.8580 1.3337 	 36.1580 1.5288 	 23.0920 1.3216 	 32.7880 1.2722 	 27.3820 1.1484 	 27.3600 1.1406 
26 	 34.7440 1.7073 	 41.7480 1.9400 	 34.8080 1.6968 	 39.5960 1.7408 	 34.9300 1.4895 	 34.9620 1.4885 
27 	 29.6320 1.8536 	 40.9680 1.7386 	 29.9920 1.8986 	 38.8680 1.6221 	 34.6280 1.3938 	 34.6360 1.3951 
28 	 22.0640 1.2364 	 27.5780 1.5069 	 22.3320 1.3046 	 22.9820 1.0530 	 19.2340 0.8990 	 19.3220 0.9136 
29 	 37.7620 1.5961 	 40.5840 1.6829 	 37.4280 1.4182 	 37.6780 1.5796 	 33.2500 1.4106 	 33.2280 1.4105 
30 	 24.0060 1.3569 	 33.4040 1.6682 	 24.6340 1.4826 	 27.2700 1.1743 	 23.8540 1.2397 	 23.8680 1.2408 
31 	 41.8820 1.7618 	 46.3820 2.0253 	 42.0260 1.8437 	 44.8780 1.9363 	 39.6200 1.6691 	 39.6460 1.6433 
32 	 31.0760 1.6322 	 39.9240 1.8186 	 31.3820 1.7125 	 35.7280 1.4846 	 30.4860 1.4296 	 30.5020 1.4300 
33 	 28.9440 1.6276 	 39.4800 1.6875 	 29.0220 1.5189 	 36.0500 1.5161 	 31.1480 1.2455 	 31.1520 1.2726 
34 	 34.2400 1.7875 	 41.9160 1.8189 	 34.1700 1.6552 	 39.6900 1.7059 	 35.4500 1.5187 	 35.4800 1.4861 
35 	 26.4260 1.5278 	 34.6580 1.6407 	 26.7200 1.4913 	 31.0460 1.3531 	 26.5200 1.1342 	 26.5180 1.1296 
36 	 27.1740 1.1377 	 36.9040 1.6299 	 26.9700 1.1135 	 34.0020 1.3599 	 30.1140 1.3506 	 30.1560 1.3794 
37 	 34.7920 1.6507 	 39.7000 1.7123 	 34.6940 1.6557 	 37.0660 1.4349 	 32.9280 1.3450 	 32.9240 1.3462 
38 	 25.6460 1.6210 	 35.1320 1.4741 	 25.9920 1.5949 	 31.4840 1.4045 	 26.8560 1.2560 	 26.8720 1.2622 
39 	 25.9440 1.5029 	 39.9580 1.6763 	 25.9240 1.5470 	 36.7760 1.4415 	 32.3740 1.2403 	 32.4100 1.2872 
40 	 40.3100 1.5787 	 47.9260 1.9392 	 40.1360 1.5387 	 46.6900 1.7939 	 42.2340 1.6295 	 42.2280 1.6233 
41 	 28.8280 1.9347 	 39.5600 1.7389 	 29.0640 1.9376 	 37.4580 1.5259 	 31.6020 1.3599 	 31.6140 1.3515 
42 	 26.1040 1.2304 	 36.8940 1.6403 	 25.9420 1.3252 	 32.5540 1.5683 	 28.8620 1.1898 	 28.8720 1.1890 
43 	 31.6720 1.7034 	 40.6700 2.0315 	 31.6180 1.7677 	 38.4900 1.6439 	 32.9400 1.3791 	 32.9780 1.3917 
44 	 26.2440 1.7720 	 39.5360 1.7677 	 26.6440 1.9024 	 36.6580 1.3243 	 31.4380 1.3369 	 31.4300 1.3518 
45 	 29.9020 1.7614 	 40.5880 1.9951 	 30.0820 1.6899 	 38.1480 1.7779 	 33.4660 1.4537 	 33.4600 1.4521 
