Task 	 PA 	 PA_NV 	 PA_SL 	 HetOTL 	 HetOTL_SL 	 OTLHS 
1 	 99.9080 0.1489 	 77.6700 2.1334 	 99.9600 0.1025 	 187.7920 2.6444 	 308.9120 5.2696 	 309.4080 5.2955 
2 	 92.8820 0.8264 	 73.0640 1.8131 	 93.1360 0.8184 	 169.2680 2.9477 	 284.2840 5.1819 	 284.7560 5.1771 
3 	 97.8900 0.5096 	 76.8260 1.9601 	 98.0600 0.5269 	 181.5360 2.8561 	 290.5360 5.2712 	 291.2280 5.0843 
4 	 99.8640 0.1630 	 79.4080 1.8111 	 99.9440 0.1175 	 188.9320 2.2224 	 312.5120 4.7041 	 312.8680 4.6533 
5 	 96.8720 0.5843 	 76.9880 1.8306 	 97.2620 0.5761 	 180.8520 2.7305 	 303.4640 4.9414 	 303.8720 4.8811 
6 	 95.6900 0.6346 	 72.9240 1.7400 	 95.9200 0.6337 	 173.0480 2.4079 	 285.2240 4.6827 	 285.6440 4.7164 
7 	 95.9600 0.8302 	 80.6120 1.7516 	 97.0860 0.6918 	 181.9160 2.5351 	 330.5720 4.0837 	 330.7920 4.0804 
8 	 98.0960 0.6225 	 79.7280 1.7495 	 98.9380 0.5162 	 185.1320 2.4208 	 321.7440 4.7843 	 321.8360 4.7113 
9 	 97.6800 0.4557 	 76.1220 1.9307 	 98.2320 0.4572 	 179.8800 2.9253 	 298.2000 4.9490 	 298.5760 4.9073 
10 	 99.6840 0.2381 	 77.0300 1.8338 	 99.8520 0.1697 	 184.5800 2.5256 	 305.8200 4.3475 	 306.2120 4.3505 
11 	 97.2440 0.6591 	 74.2460 1.6312 	 97.8380 0.6148 	 174.7680 2.8162 	 289.1840 4.5872 	 289.3840 4.6548 
12 	 99.6740 0.2372 	 78.5060 1.9454 	 99.7620 0.2233 	 186.5160 2.5624 	 320.0920 5.1019 	 320.3880 5.1040 
13 	 99.0360 0.3807 	 79.3540 1.7940 	 99.4820 0.3242 	 185.9240 2.6786 	 315.5520 4.9558 	 315.6760 4.9683 
14 	 92.6920 0.9579 	 74.5420 2.0196 	 93.2320 0.9871 	 168.1720 3.3751 	 281.4960 4.7515 	 281.6000 4.7158 
15 	 97.9400 0.5322 	 75.2280 2.0275 	 98.3320 0.5087 	 177.1040 2.7361 	 294.0080 5.3966 	 294.3520 5.3766 
16 	 99.8080 0.1773 	 80.6400 1.9322 	 99.9320 0.1213 	 189.3240 2.2930 	 319.0840 4.3874 	 319.1800 4.3779 
17 	 98.8680 0.4826 	 76.6020 2.0342 	 99.2560 0.4265 	 183.0760 2.6120 	 313.1240 4.3279 	 313.3000 4.2604 
18 	 99.4540 0.3780 	 75.8880 1.7806 	 99.6920 0.2658 	 181.6960 2.5197 	 304.4200 4.5764 	 304.5560 4.6167 
19 	 97.1100 0.6230 	 74.5940 1.8516 	 97.2260 0.5892 	 178.1840 2.9396 	 289.3240 4.8989 	 289.7520 4.8515 
20 	 98.9000 0.4005 	 77.2900 1.9017 	 99.2240 0.3677 	 183.5760 2.4253 	 310.1400 4.1815 	 310.3000 4.2115 
21 	 97.9800 0.6766 	 80.9540 1.5977 	 98.8400 0.5599 	 186.4760 2.3747 	 331.9920 4.2267 	 332.2040 4.3143 
22 	 98.4140 0.3294 	 75.2520 1.7808 	 98.6740 0.3569 	 179.9960 2.9430 	 288.1520 4.8774 	 288.3880 4.8604 
23 	 94.7060 0.8108 	 77.7560 1.7036 	 95.5340 0.6727 	 176.8120 2.6229 	 322.3720 4.1129 	 322.5600 4.1021 
24 	 97.4880 0.6669 	 75.3360 1.7809 	 98.2220 0.5100 	 177.9880 2.7168 	 291.8600 4.8726 	 292.0120 4.8210 
25 	 98.9020 0.3777 	 75.4780 1.8865 	 99.3180 0.3205 	 180.2680 2.7893 	 294.2720 5.0972 	 294.4360 5.1115 
26 	 98.9380 0.5346 	 80.4040 1.7380 	 99.5620 0.3570 	 188.2080 2.5505 	 333.3880 4.3464 	 333.5760 4.2178 
27 	 99.1100 0.4315 	 81.0080 1.4653 	 99.5720 0.3291 	 187.9800 2.3996 	 322.0320 4.3883 	 322.0680 4.4441 
28 	 90.7900 0.8211 	 66.1100 1.9826 	 90.9200 0.7795 	 156.8160 3.3369 	 252.3000 5.1775 	 253.1200 5.2490 
29 	 96.2060 0.7200 	 77.5500 1.8096 	 97.1940 0.5836 	 179.1440 2.7302 	 297.7840 4.9474 	 298.2440 5.0654 
30 	 93.4700 0.6276 	 72.3920 1.7272 	 94.0400 0.6305 	 166.4240 3.6024 	 276.1920 5.6370 	 276.4960 5.6993 
31 	 99.7820 0.1635 	 80.9360 1.8001 	 99.8340 0.1451 	 191.2320 2.0194 	 333.8000 4.0822 	 333.9160 4.1270 
32 	 97.2160 0.6449 	 77.2400 1.9240 	 97.7500 0.6365 	 179.6520 2.7722 	 304.2200 5.1688 	 304.3840 5.1089 
33 	 98.6240 0.4942 	 75.8340 2.0287 	 99.0040 0.4100 	 182.2520 3.2315 	 304.1920 5.6200 	 304.5640 5.7700 
34 	 98.5080 0.5471 	 78.0120 1.8789 	 99.2220 0.4609 	 184.1160 2.5573 	 319.3600 5.0369 	 319.6040 4.9871 
35 	 97.6740 0.4527 	 71.4180 1.9330 	 97.8540 0.4049 	 173.7360 3.1864 	 281.9600 5.0537 	 282.3880 5.0451 
36 	 95.4020 0.7035 	 72.9880 1.7895 	 96.2960 0.6547 	 174.7440 2.9134 	 313.9040 4.6714 	 313.9680 4.6754 
37 	 98.4620 0.5339 	 76.2000 2.0615 	 99.1160 0.4313 	 182.4760 2.6924 	 302.2120 4.9676 	 302.4040 4.8896 
38 	 98.7940 0.4202 	 72.9620 1.8973 	 99.0900 0.3922 	 176.9000 3.1318 	 286.4960 5.1718 	 286.8760 5.1898 
39 	 98.5020 0.4752 	 76.8980 1.7804 	 98.8300 0.4210 	 183.3920 2.4850 	 308.0520 5.1523 	 308.4120 5.0306 
40 	 98.3600 0.5013 	 83.7000 1.4235 	 98.9820 0.4386 	 190.2440 1.6506 	 345.2000 4.0570 	 345.1920 4.0895 
41 	 98.9880 0.3397 	 78.5300 1.7159 	 99.1460 0.3073 	 185.8640 2.2629 	 323.3520 4.4870 	 323.4720 4.5036 
42 	 94.3980 0.7464 	 76.3040 1.6197 	 95.1640 0.6185 	 174.9120 3.2036 	 301.7920 4.6784 	 301.8680 4.6474 
43 	 97.8420 0.5716 	 79.0580 1.7708 	 98.3780 0.4412 	 184.1920 2.6217 	 325.0800 4.7630 	 325.3840 4.8981 
44 	 99.3560 0.3500 	 77.9420 1.6089 	 99.6900 0.2717 	 184.8760 2.4445 	 316.8760 4.5282 	 317.0760 4.4450 
45 	 99.1580 0.4852 	 78.2360 1.6912 	 99.6540 0.3326 	 186.3320 2.5464 	 323.5080 4.2946 	 323.5360 4.3031 
