Task 	 PA 	 PA_NV 	 PA_SL 	 HetOTL 	 HetOTL_SL 	 OTLHS 
1 	 0.0066 0.0015 	 0.0158 0.0035 	 0.0131 0.0033 	 0.0195 0.0043 	 0.0455 0.0168 	 0.0434 0.0088 
2 	 0.0063 0.0015 	 0.0148 0.0032 	 0.0127 0.0030 	 0.0194 0.0043 	 0.0425 0.0081 	 0.0439 0.0090 
3 	 0.0062 0.0014 	 0.0157 0.0035 	 0.0124 0.0028 	 0.0198 0.0043 	 0.0442 0.0089 	 0.0438 0.0088 
4 	 0.0059 0.0013 	 0.0150 0.0031 	 0.0120 0.0026 	 0.0190 0.0040 	 0.0426 0.0081 	 0.0419 0.0076 
5 	 0.0060 0.0014 	 0.0152 0.0033 	 0.0122 0.0028 	 0.0194 0.0042 	 0.0432 0.0086 	 0.0433 0.0088 
6 	 0.0062 0.0015 	 0.0159 0.0034 	 0.0127 0.0030 	 0.0199 0.0043 	 0.0448 0.0087 	 0.0446 0.0088 
7 	 0.0065 0.0015 	 0.0164 0.0035 	 0.0131 0.0030 	 0.0205 0.0044 	 0.0453 0.0093 	 0.0470 0.0093 
8 	 0.0062 0.0014 	 0.0161 0.0037 	 0.0124 0.0029 	 0.0199 0.0043 	 0.0449 0.0090 	 0.0438 0.0085 
9 	 0.0062 0.0015 	 0.0160 0.0036 	 0.0126 0.0029 	 0.0201 0.0043 	 0.0448 0.0088 	 0.0444 0.0086 
10 	 0.0061 0.0015 	 0.0157 0.0035 	 0.0124 0.0029 	 0.0202 0.0044 	 0.0439 0.0084 	 0.0450 0.0092 
11 	 0.0064 0.0015 	 0.0165 0.0036 	 0.0130 0.0030 	 0.0212 0.0045 	 0.0464 0.0090 	 0.0467 0.0089 
12 	 0.0078 0.0011 	 0.0203 0.0026 	 0.0158 0.0021 	 0.0252 0.0033 	 0.0563 0.0068 	 0.0556 0.0069 
13 	 0.0075 0.0014 	 0.0195 0.0032 	 0.0149 0.0027 	 0.0248 0.0036 	 0.0553 0.0072 	 0.0534 0.0083 
14 	 0.0073 0.0015 	 0.0189 0.0035 	 0.0148 0.0029 	 0.0235 0.0043 	 0.0530 0.0086 	 0.0522 0.0092 
15 	 0.0074 0.0013 	 0.0192 0.0033 	 0.0152 0.0026 	 0.0243 0.0040 	 0.0541 0.0084 	 0.0536 0.0083 
16 	 0.0075 0.0013 	 0.0196 0.0031 	 0.0154 0.0024 	 0.0246 0.0039 	 0.0553 0.0076 	 0.0540 0.0076 
17 	 0.0066 0.0016 	 0.0172 0.0039 	 0.0133 0.0031 	 0.0212 0.0047 	 0.0480 0.0097 	 0.0477 0.0096 
18 	 0.0068 0.0016 	 0.0178 0.0039 	 0.0136 0.0031 	 0.0220 0.0048 	 0.0502 0.0095 	 0.0481 0.0100 
19 	 0.0069 0.0015 	 0.0183 0.0038 	 0.0139 0.0031 	 0.0233 0.0048 	 0.0518 0.0093 	 0.0506 0.0096 
20 	 0.0076 0.0013 	 0.0196 0.0031 	 0.0154 0.0025 	 0.0241 0.0041 	 0.0543 0.0080 	 0.0541 0.0076 
21 	 0.0071 0.0016 	 0.0183 0.0038 	 0.0143 0.0031 	 0.0227 0.0047 	 0.0522 0.0092 	 0.0505 0.0099 
22 	 0.0069 0.0015 	 0.0182 0.0038 	 0.0139 0.0030 	 0.0233 0.0046 	 0.0518 0.0094 	 0.0501 0.0097 
23 	 0.0070 0.0015 	 0.0181 0.0037 	 0.0140 0.0030 	 0.0226 0.0046 	 0.0511 0.0095 	 0.0503 0.0093 
24 	 0.0071 0.0016 	 0.0184 0.0037 	 0.0143 0.0030 	 0.0234 0.0045 	 0.0524 0.0088 	 0.0505 0.0098 
25 	 0.0067 0.0016 	 0.0177 0.0039 	 0.0135 0.0031 	 0.0228 0.0048 	 0.0506 0.0098 	 0.0496 0.0100 
26 	 0.0071 0.0015 	 0.0183 0.0036 	 0.0143 0.0029 	 0.0229 0.0047 	 0.0518 0.0093 	 0.0512 0.0094 
27 	 0.0072 0.0014 	 0.0189 0.0036 	 0.0146 0.0029 	 0.0239 0.0043 	 0.0533 0.0086 	 0.0525 0.0091 
28 	 0.0071 0.0015 	 0.0187 0.0036 	 0.0145 0.0030 	 0.0233 0.0044 	 0.0521 0.0090 	 0.0520 0.0091 
29 	 0.0071 0.0016 	 0.0183 0.0037 	 0.0142 0.0031 	 0.0232 0.0044 	 0.0518 0.0096 	 0.0509 0.0093 
30 	 0.0066 0.0016 	 0.0173 0.0040 	 0.0132 0.0031 	 0.0215 0.0049 	 0.0491 0.0101 	 0.0474 0.0100 
31 	 0.0072 0.0014 	 0.0188 0.0037 	 0.0146 0.0029 	 0.0232 0.0046 	 0.0521 0.0093 	 0.0511 0.0092 
32 	 0.0070 0.0015 	 0.0186 0.0037 	 0.0145 0.0029 	 0.0233 0.0048 	 0.0522 0.0092 	 0.0511 0.0093 
33 	 0.0070 0.0016 	 0.0181 0.0038 	 0.0143 0.0030 	 0.0227 0.0047 	 0.0508 0.0098 	 0.0499 0.0096 
34 	 0.0070 0.0015 	 0.0182 0.0036 	 0.0142 0.0030 	 0.0236 0.0044 	 0.0519 0.0092 	 0.0510 0.0093 
35 	 0.0069 0.0015 	 0.0181 0.0038 	 0.0140 0.0031 	 0.0228 0.0048 	 0.0504 0.0095 	 0.0505 0.0094 
36 	 0.0067 0.0016 	 0.0172 0.0038 	 0.0135 0.0031 	 0.0209 0.0049 	 0.0489 0.0099 	 0.0470 0.0102 
37 	 0.0065 0.0016 	 0.0170 0.0040 	 0.0133 0.0031 	 0.0219 0.0049 	 0.0486 0.0098 	 0.0473 0.0100 
38 	 0.0076 0.0013 	 0.0194 0.0031 	 0.0154 0.0026 	 0.0247 0.0036 	 0.0545 0.0074 	 0.0547 0.0068 
39 	 0.0073 0.0014 	 0.0190 0.0034 	 0.0148 0.0029 	 0.0233 0.0047 	 0.0525 0.0088 	 0.0518 0.0092 
40 	 0.0067 0.0016 	 0.0178 0.0037 	 0.0135 0.0030 	 0.0223 0.0048 	 0.0504 0.0095 	 0.0494 0.0099 
41 	 0.0068 0.0015 	 0.0180 0.0038 	 0.0139 0.0031 	 0.0231 0.0047 	 0.0513 0.0094 	 0.0507 0.0097 
42 	 0.0072 0.0014 	 0.0188 0.0035 	 0.0146 0.0029 	 0.0236 0.0043 	 0.0530 0.0091 	 0.0525 0.0089 
43 	 0.0073 0.0014 	 0.0190 0.0036 	 0.0148 0.0028 	 0.0237 0.0044 	 0.0531 0.0087 	 0.0529 0.0088 
44 	 0.0072 0.0015 	 0.0188 0.0038 	 0.0143 0.0031 	 0.0235 0.0046 	 0.0526 0.0094 	 0.0518 0.0093 
45 	 0.0079 0.0010 	 0.0205 0.0021 	 0.0159 0.0021 	 0.0257 0.0027 	 0.0575 0.0048 	 0.0562 0.0063 
