Task 	 PA 	 PA_NV 	 PA_SL 	 HetOTL 	 HetOTL_SL 	 OTLHS 
1 	 51.3800 0.1938 	 43.2000 1.8852 	 51.3800 0.1938 	 41.4900 1.7402 	 36.9280 1.4936 	 36.9340 1.4956 
2 	 40.6180 0.4021 	 35.9220 1.5271 	 40.6180 0.4021 	 33.4980 1.3870 	 29.1140 1.2987 	 29.1280 1.2941 
3 	 46.6560 0.2363 	 39.5200 2.0763 	 46.6560 0.2363 	 37.2200 1.5566 	 32.7740 1.2545 	 32.7820 1.2460 
4 	 50.1500 0.2932 	 44.9860 1.9391 	 50.1500 0.2932 	 43.5360 1.7489 	 38.0400 1.5604 	 38.0860 1.5493 
5 	 48.6060 0.2628 	 41.0020 1.7971 	 48.6060 0.2628 	 38.9380 1.5750 	 34.1640 1.4000 	 34.1680 1.3966 
6 	 50.4420 0.1249 	 36.1880 1.6843 	 50.4420 0.1249 	 33.6700 1.4501 	 28.5740 1.2882 	 28.5820 1.2887 
7 	 42.9320 0.7940 	 44.8680 1.9184 	 42.9320 0.7940 	 43.5480 1.7564 	 39.6840 1.6298 	 39.6860 1.6311 
8 	 51.3260 0.5947 	 43.4200 1.7369 	 51.3240 0.5961 	 41.5880 1.6406 	 36.3260 1.5231 	 36.3340 1.5179 
9 	 50.2880 0.5681 	 38.8480 1.6688 	 50.2880 0.5681 	 36.6860 1.3764 	 31.3600 1.3636 	 31.3660 1.3565 
10 	 52.4140 0.2450 	 42.2280 1.8729 	 52.4140 0.2450 	 40.6360 1.7584 	 36.9120 1.5581 	 36.9480 1.5657 
11 	 45.7600 0.4110 	 36.8280 1.4796 	 45.7600 0.4110 	 34.0440 1.3717 	 28.6940 1.1604 	 28.7080 1.1625 
12 	 49.2420 0.2818 	 42.0620 1.9837 	 49.2420 0.2818 	 39.8820 1.6717 	 33.9700 1.2894 	 33.9740 1.2985 
13 	 49.8020 0.4911 	 40.9220 1.6658 	 49.8020 0.4911 	 38.2700 1.3392 	 33.2660 1.3135 	 33.2820 1.3135 
14 	 40.5660 0.6445 	 36.9960 1.6285 	 40.5660 0.6445 	 34.2740 1.4455 	 29.2940 1.3006 	 29.2900 1.3047 
15 	 47.3660 0.5326 	 37.3940 1.5895 	 47.3660 0.5326 	 34.6880 1.2938 	 29.8460 1.1620 	 29.8500 1.1756 
16 	 49.5900 0.3332 	 44.6580 2.1056 	 49.5920 0.3351 	 43.0480 1.7508 	 37.5160 1.2502 	 37.5080 1.2708 
17 	 47.7460 0.5202 	 39.8980 1.8163 	 47.7800 0.5238 	 38.0220 1.7131 	 33.4700 1.3676 	 33.4680 1.3672 
18 	 49.9920 0.4177 	 38.0920 1.6006 	 49.9920 0.4177 	 35.9440 1.5053 	 31.3660 1.2459 	 31.3740 1.2571 
19 	 44.4720 0.2404 	 36.8540 1.7108 	 44.4720 0.2404 	 34.1020 1.4621 	 28.7540 1.3354 	 28.7800 1.3314 
20 	 51.0220 0.2541 	 40.4540 1.8405 	 51.0220 0.2541 	 38.6120 1.6879 	 34.3640 1.4838 	 34.3680 1.4787 
21 	 48.2440 0.6173 	 42.7400 1.7894 	 48.2420 0.6165 	 41.5600 1.7517 	 37.8320 1.4778 	 37.8460 1.4790 
22 	 50.1360 0.1446 	 35.5000 1.6087 	 50.1360 0.1446 	 32.5800 1.4035 	 27.5440 1.2795 	 27.5560 1.2724 
23 	 43.0480 0.7586 	 38.8780 1.9388 	 43.0480 0.7586 	 36.8720 1.4906 	 33.2760 1.4309 	 33.2800 1.4287 
24 	 46.5880 0.5533 	 34.8680 1.7142 	 46.5880 0.5533 	 32.0420 1.5051 	 27.7540 1.2249 	 27.7400 1.2327 
25 	 51.0080 0.4282 	 36.1580 1.5288 	 51.0080 0.4282 	 33.2200 1.1791 	 27.6940 1.0804 	 27.6780 1.0529 
26 	 48.2620 0.5517 	 41.7480 1.9400 	 48.2600 0.5479 	 39.8840 1.7545 	 35.2560 1.4590 	 35.2500 1.4468 
27 	 49.8700 0.4004 	 40.9680 1.7386 	 49.8700 0.4004 	 39.3600 1.7270 	 34.8580 1.4736 	 34.8660 1.4733 
28 	 50.5220 0.1528 	 27.5780 1.5069 	 50.5220 0.1528 	 24.2960 1.0615 	 20.1040 0.9400 	 20.1140 0.9395 
29 	 49.7240 0.7799 	 40.5840 1.6829 	 49.7240 0.7799 	 38.6360 1.4479 	 34.0580 1.6442 	 34.0720 1.6408 
30 	 51.8960 0.6321 	 33.4040 1.6682 	 51.8960 0.6321 	 29.9880 1.4010 	 25.3140 1.1708 	 25.3140 1.1614 
31 	 48.4500 0.1894 	 46.3820 2.0253 	 48.4500 0.1894 	 45.1220 1.9204 	 39.8500 1.7033 	 39.8720 1.7232 
32 	 47.1360 0.5873 	 39.9240 1.8186 	 47.1360 0.5873 	 37.5320 1.5043 	 31.3760 1.4468 	 31.3840 1.4444 
33 	 49.2500 0.3208 	 39.4800 1.6875 	 49.2500 0.3208 	 36.7600 1.4548 	 31.9520 1.2041 	 31.9700 1.2021 
34 	 47.5880 0.5332 	 41.9160 1.8189 	 47.5860 0.5350 	 40.0360 1.8183 	 35.8520 1.4006 	 35.8740 1.3922 
35 	 49.3040 0.1004 	 34.6580 1.6407 	 49.3040 0.1004 	 31.9820 1.1912 	 27.0500 1.0770 	 27.0740 1.0741 
36 	 44.1260 0.7679 	 36.9040 1.6299 	 44.1240 0.7669 	 34.6580 1.2966 	 30.7560 1.2182 	 30.7860 1.2238 
37 	 49.4180 0.5778 	 39.7000 1.7123 	 49.4180 0.5778 	 37.9880 1.4920 	 33.4480 1.4002 	 33.4320 1.3978 
38 	 51.6240 0.7148 	 35.1320 1.4741 	 51.6240 0.7148 	 31.9760 1.3139 	 27.1860 1.2058 	 27.1900 1.2099 
39 	 50.2000 0.2636 	 39.9580 1.6763 	 50.2000 0.2636 	 38.0700 1.7325 	 33.5560 1.4018 	 33.5600 1.3999 
40 	 45.6200 0.5137 	 47.9260 1.9392 	 45.6180 0.5110 	 46.7240 1.7228 	 42.3340 1.4894 	 42.3320 1.4921 
41 	 49.7520 0.2130 	 39.5600 1.7389 	 49.7520 0.2130 	 37.7480 1.4430 	 31.9720 1.3466 	 31.9740 1.3405 
42 	 40.3380 0.7897 	 36.8940 1.6403 	 40.3380 0.7897 	 34.7060 1.5907 	 30.3920 1.2754 	 30.3940 1.2740 
43 	 48.3180 0.5997 	 40.6700 2.0315 	 48.3180 0.5997 	 38.7280 1.6212 	 33.3280 1.4491 	 33.3500 1.4373 
44 	 49.9880 0.4556 	 39.5360 1.7677 	 49.9880 0.4556 	 37.1680 1.4303 	 31.8640 1.3603 	 31.8780 1.3360 
45 	 50.8440 0.4710 	 40.5880 1.9951 	 50.8460 0.4678 	 38.6400 1.7181 	 33.8380 1.3867 	 33.8320 1.3756 
