Task 	 PA 	 PA_NV 	 PA_SL 	 HetOTL 	 HetOTL_SL 	 OTLHS 
1 	 0.0051 0.0006 	 0.0109 0.0010 	 0.0090 0.0010 	 0.0146 0.0016 	 0.0299 0.0031 	 0.0295 0.0021 
2 	 0.0052 0.0009 	 0.0109 0.0015 	 0.0093 0.0015 	 0.0141 0.0014 	 0.0301 0.0038 	 0.0295 0.0032 
3 	 0.0051 0.0007 	 0.0111 0.0014 	 0.0091 0.0013 	 0.0148 0.0021 	 0.0303 0.0037 	 0.0303 0.0040 
4 	 0.0051 0.0004 	 0.0111 0.0009 	 0.0090 0.0007 	 0.0147 0.0009 	 0.0311 0.0018 	 0.0310 0.0017 
5 	 0.0051 0.0006 	 0.0110 0.0013 	 0.0091 0.0009 	 0.0148 0.0021 	 0.0312 0.0039 	 0.0308 0.0032 
6 	 0.0052 0.0008 	 0.0112 0.0016 	 0.0092 0.0013 	 0.0147 0.0019 	 0.0311 0.0040 	 0.0305 0.0033 
7 	 0.0052 0.0009 	 0.0114 0.0017 	 0.0097 0.0015 	 0.0152 0.0023 	 0.0329 0.0040 	 0.0332 0.0048 
8 	 0.0052 0.0009 	 0.0113 0.0018 	 0.0096 0.0016 	 0.0149 0.0023 	 0.0319 0.0046 	 0.0315 0.0042 
9 	 0.0052 0.0007 	 0.0111 0.0013 	 0.0091 0.0011 	 0.0147 0.0017 	 0.0309 0.0033 	 0.0306 0.0031 
10 	 0.0052 0.0006 	 0.0112 0.0013 	 0.0091 0.0010 	 0.0147 0.0014 	 0.0314 0.0030 	 0.0311 0.0026 
11 	 0.0054 0.0011 	 0.0115 0.0024 	 0.0095 0.0019 	 0.0150 0.0027 	 0.0317 0.0059 	 0.0311 0.0052 
12 	 0.0053 0.0010 	 0.0114 0.0019 	 0.0095 0.0016 	 0.0150 0.0023 	 0.0314 0.0045 	 0.0315 0.0048 
13 	 0.0051 0.0006 	 0.0110 0.0012 	 0.0093 0.0011 	 0.0146 0.0017 	 0.0306 0.0033 	 0.0302 0.0029 
14 	 0.0051 0.0007 	 0.0108 0.0015 	 0.0091 0.0013 	 0.0147 0.0024 	 0.0306 0.0044 	 0.0302 0.0042 
15 	 0.0051 0.0006 	 0.0109 0.0013 	 0.0091 0.0011 	 0.0145 0.0013 	 0.0302 0.0018 	 0.0305 0.0033 
16 	 0.0053 0.0009 	 0.0112 0.0016 	 0.0092 0.0013 	 0.0150 0.0024 	 0.0313 0.0046 	 0.0309 0.0040 
17 	 0.0051 0.0004 	 0.0109 0.0011 	 0.0093 0.0008 	 0.0145 0.0015 	 0.0311 0.0028 	 0.0308 0.0027 
18 	 0.0052 0.0007 	 0.0110 0.0012 	 0.0094 0.0013 	 0.0147 0.0017 	 0.0314 0.0035 	 0.0313 0.0036 
19 	 0.0053 0.0009 	 0.0112 0.0018 	 0.0094 0.0014 	 0.0152 0.0027 	 0.0311 0.0052 	 0.0307 0.0047 
20 	 0.0051 0.0004 	 0.0109 0.0007 	 0.0091 0.0008 	 0.0147 0.0016 	 0.0309 0.0023 	 0.0307 0.0024 
21 	 0.0053 0.0009 	 0.0116 0.0019 	 0.0099 0.0017 	 0.0152 0.0022 	 0.0331 0.0050 	 0.0327 0.0046 
22 	 0.0052 0.0008 	 0.0112 0.0017 	 0.0093 0.0015 	 0.0144 0.0015 	 0.0296 0.0033 	 0.0293 0.0033 
23 	 0.0051 0.0004 	 0.0111 0.0009 	 0.0097 0.0011 	 0.0148 0.0015 	 0.0324 0.0022 	 0.0324 0.0036 
24 	 0.0051 0.0006 	 0.0110 0.0012 	 0.0093 0.0011 	 0.0147 0.0019 	 0.0305 0.0038 	 0.0302 0.0041 
25 	 0.0052 0.0007 	 0.0109 0.0012 	 0.0091 0.0011 	 0.0145 0.0017 	 0.0304 0.0040 	 0.0300 0.0036 
26 	 0.0051 0.0004 	 0.0111 0.0012 	 0.0096 0.0009 	 0.0146 0.0012 	 0.0319 0.0025 	 0.0318 0.0027 
27 	 0.0051 0.0006 	 0.0111 0.0013 	 0.0094 0.0011 	 0.0147 0.0015 	 0.0311 0.0036 	 0.0308 0.0032 
28 	 0.0052 0.0008 	 0.0108 0.0016 	 0.0091 0.0014 	 0.0143 0.0020 	 0.0296 0.0039 	 0.0296 0.0039 
29 	 0.0051 0.0006 	 0.0108 0.0013 	 0.0092 0.0012 	 0.0145 0.0017 	 0.0304 0.0039 	 0.0301 0.0033 
30 	 0.0051 0.0003 	 0.0106 0.0007 	 0.0088 0.0006 	 0.0143 0.0014 	 0.0295 0.0022 	 0.0295 0.0028 
31 	 0.0051 0.0007 	 0.0110 0.0014 	 0.0095 0.0015 	 0.0145 0.0015 	 0.0306 0.0034 	 0.0303 0.0034 
32 	 0.0051 0.0007 	 0.0109 0.0014 	 0.0092 0.0012 	 0.0145 0.0018 	 0.0302 0.0038 	 0.0300 0.0037 
33 	 0.0051 0.0007 	 0.0108 0.0014 	 0.0092 0.0012 	 0.0144 0.0019 	 0.0300 0.0038 	 0.0296 0.0034 
34 	 0.0051 0.0007 	 0.0109 0.0015 	 0.0094 0.0012 	 0.0146 0.0021 	 0.0309 0.0045 	 0.0303 0.0036 
35 	 0.0050 0.0001 	 0.0104 0.0002 	 0.0090 0.0002 	 0.0139 0.0004 	 0.0284 0.0009 	 0.0282 0.0004 
36 	 0.0052 0.0009 	 0.0110 0.0018 	 0.0098 0.0016 	 0.0147 0.0023 	 0.0321 0.0051 	 0.0316 0.0047 
37 	 0.0051 0.0007 	 0.0107 0.0013 	 0.0092 0.0010 	 0.0144 0.0018 	 0.0299 0.0034 	 0.0296 0.0033 
38 	 0.0051 0.0003 	 0.0108 0.0006 	 0.0090 0.0006 	 0.0145 0.0018 	 0.0301 0.0021 	 0.0300 0.0021 
39 	 0.0053 0.0010 	 0.0114 0.0022 	 0.0096 0.0018 	 0.0149 0.0023 	 0.0318 0.0050 	 0.0313 0.0047 
40 	 0.0051 0.0006 	 0.0111 0.0011 	 0.0095 0.0010 	 0.0146 0.0015 	 0.0321 0.0035 	 0.0314 0.0027 
41 	 0.0051 0.0005 	 0.0109 0.0010 	 0.0094 0.0012 	 0.0143 0.0009 	 0.0305 0.0027 	 0.0304 0.0028 
42 	 0.0051 0.0006 	 0.0109 0.0009 	 0.0093 0.0010 	 0.0145 0.0009 	 0.0311 0.0024 	 0.0311 0.0027 
43 	 0.0052 0.0010 	 0.0112 0.0017 	 0.0097 0.0015 	 0.0151 0.0026 	 0.0320 0.0048 	 0.0315 0.0043 
44 	 0.0051 0.0006 	 0.0110 0.0012 	 0.0093 0.0012 	 0.0144 0.0011 	 0.0313 0.0029 	 0.0311 0.0030 
45 	 0.0051 0.0004 	 0.0109 0.0009 	 0.0094 0.0008 	 0.0145 0.0011 	 0.0313 0.0026 	 0.0310 0.0016 
