Task 	 PA 	 PA_NV 	 PA_SL 	 HetOTL 	 HetOTL_SL 	 OTLHS 
1 	 48.5200 1.1459 	 47.8560 1.4114 	 48.1440 1.1303 	 48.1840 1.2667 	 43.6840 2.4413 	 43.6840 2.4413 
2 	 45.8960 3.3452 	 40.7080 2.9287 	 42.4140 2.8227 	 41.6200 4.6524 	 35.7500 4.1735 	 35.7500 4.1735 
3 	 46.6140 2.3752 	 45.7660 2.9776 	 45.3500 1.8728 	 43.7940 2.3451 	 39.7380 3.1758 	 39.7380 3.1758 
4 	 49.5480 1.0894 	 48.3520 1.7207 	 49.1180 1.2187 	 48.9280 1.4460 	 44.5060 2.3883 	 44.5060 2.3883 
5 	 46.3220 2.5730 	 45.6920 2.0559 	 44.7200 2.3581 	 45.8100 2.6524 	 39.5300 3.3665 	 39.5300 3.3665 
6 	 43.3720 3.4222 	 44.8260 3.3580 	 40.7740 2.2158 	 39.9820 3.0718 	 38.3480 3.7501 	 38.3480 3.7501 
7 	 45.0360 2.0377 	 48.0840 1.1783 	 43.7300 1.5430 	 46.3600 1.8224 	 47.6040 1.8747 	 47.6040 1.8747 
8 	 48.2560 0.9831 	 47.5600 1.6593 	 47.6360 1.1576 	 47.8600 1.3608 	 45.5020 2.6217 	 45.5020 2.6217 
9 	 46.1460 2.8089 	 44.4560 2.5394 	 44.2220 2.3336 	 44.2920 2.9612 	 38.2600 3.1728 	 38.2600 3.1728 
10 	 48.2140 1.0043 	 47.3000 1.3732 	 48.0620 1.0924 	 47.5740 1.2439 	 46.6340 1.8788 	 46.6340 1.8788 
11 	 43.6760 3.1873 	 40.0700 3.3847 	 41.7980 2.2339 	 41.9160 3.8398 	 39.2560 4.4263 	 39.2560 4.4263 
12 	 48.9080 1.0740 	 45.4820 2.6139 	 48.3580 1.0653 	 45.6500 2.0981 	 44.6620 3.8086 	 44.6620 3.8086 
13 	 45.3960 2.4334 	 41.8260 2.4846 	 43.9480 1.9745 	 43.2520 2.8466 	 38.2380 3.1116 	 38.2380 3.1116 
14 	 44.8200 3.4800 	 40.6560 3.2323 	 41.1980 2.8009 	 43.0820 4.4295 	 43.5860 4.5125 	 43.5800 4.5094 
15 	 46.0960 2.2822 	 40.9160 2.7623 	 44.4060 1.8331 	 43.4140 3.1714 	 42.2080 4.3185 	 42.2080 4.3185 
16 	 48.5920 1.1104 	 46.8420 2.1073 	 47.9100 1.1883 	 47.4500 1.5966 	 48.6500 2.5495 	 48.6500 2.5495 
17 	 45.2700 2.1657 	 43.8200 2.8322 	 44.1040 1.7166 	 44.3840 2.4629 	 41.3760 3.7830 	 41.3760 3.7830 
18 	 44.7900 3.1445 	 42.6240 2.5235 	 42.8100 2.5578 	 43.0920 2.9298 	 44.5400 3.7053 	 44.5400 3.7053 
19 	 42.1140 3.0429 	 47.2800 2.2479 	 40.3100 2.2562 	 43.2060 3.0188 	 45.0040 3.9936 	 45.0040 3.9936 
20 	 46.2260 2.4848 	 46.7360 2.6929 	 44.6220 1.8046 	 46.6800 2.7337 	 45.6440 3.2227 	 45.6440 3.2227 
21 	 46.2560 3.0842 	 48.0340 1.6151 	 43.6880 2.3192 	 47.1300 2.6460 	 48.3860 1.7945 	 48.3860 1.7945 
22 	 43.4720 3.0177 	 47.8060 2.7401 	 41.9680 2.1410 	 46.0520 3.6868 	 48.1440 2.4536 	 48.1440 2.4536 
23 	 42.9620 4.4216 	 44.9520 2.4776 	 38.2160 2.8657 	 43.2860 4.5709 	 47.8140 3.3464 	 47.8140 3.3464 
24 	 42.2380 3.6105 	 43.0160 4.1526 	 39.8260 2.4204 	 43.1440 4.5089 	 37.8880 4.9928 	 37.8880 4.9928 
25 	 42.9000 3.7154 	 46.8900 3.0244 	 41.0660 3.0650 	 45.3560 3.8640 	 38.2520 4.3786 	 38.2520 4.3786 
26 	 47.1920 1.7823 	 46.4500 1.7374 	 46.2560 1.5952 	 46.8100 1.8040 	 46.2420 2.6705 	 46.2420 2.6705 
27 	 46.1240 2.0966 	 45.2800 2.1221 	 45.0660 1.7707 	 45.9840 2.3778 	 43.5060 3.5797 	 43.5060 3.5797 
28 	 42.2420 4.4850 	 44.6580 4.7035 	 38.0400 2.9527 	 32.3480 4.1992 	 27.8160 4.1440 	 27.8160 4.1440 
29 	 48.4880 1.4002 	 45.1080 2.0472 	 47.4460 1.5533 	 47.0640 2.1337 	 44.4240 2.9794 	 44.4240 2.9794 
30 	 41.2100 4.2992 	 46.3280 3.1574 	 37.7960 2.9460 	 36.0080 3.4891 	 31.7880 3.8484 	 31.7880 3.8484 
31 	 49.0260 0.9104 	 49.0680 0.9399 	 48.7460 0.8971 	 48.9580 0.8032 	 47.1100 1.6912 	 47.1100 1.6912 
32 	 46.7780 2.5168 	 46.7660 2.6995 	 44.9580 1.9584 	 43.3180 2.5090 	 44.1380 4.1461 	 44.1380 4.1461 
33 	 46.8120 2.4274 	 42.3400 2.9455 	 45.5540 2.0976 	 43.7320 3.0516 	 38.5820 3.2525 	 38.5820 3.2525 
34 	 44.3520 2.2563 	 45.6660 2.2271 	 43.2720 1.7307 	 44.7360 2.2816 	 42.5280 3.1583 	 42.5280 3.1583 
35 	 45.2580 3.1218 	 43.9820 4.1933 	 42.4440 2.6221 	 40.1080 3.8727 	 42.0980 5.4910 	 42.0980 5.4910 
36 	 42.6380 4.1093 	 39.7580 3.6462 	 38.2460 2.5168 	 41.0420 4.4576 	 44.6500 4.3589 	 44.6400 4.3560 
37 	 46.4160 2.1169 	 46.6400 2.2260 	 44.2920 1.6864 	 46.4860 2.2142 	 46.1640 3.0395 	 46.1640 3.0395 
38 	 43.0460 2.8512 	 44.7040 3.6662 	 41.6400 2.0959 	 43.2740 4.3168 	 42.4640 5.0828 	 42.4640 5.0828 
39 	 42.6100 3.1127 	 47.6260 2.1397 	 40.8980 2.4922 	 44.7480 2.7535 	 43.4480 4.1969 	 43.4480 4.1969 
40 	 46.7160 1.5237 	 48.8360 0.9313 	 45.8360 1.2692 	 48.0640 1.1952 	 48.4620 2.9894 	 48.4620 2.9894 
41 	 45.1760 2.8433 	 47.6840 2.1290 	 42.9120 2.1115 	 45.1520 2.8114 	 41.1960 3.2277 	 41.1960 3.2277 
42 	 38.5240 3.5175 	 44.7900 2.6329 	 36.1600 2.1748 	 39.2580 3.1580 	 36.6220 4.1796 	 36.6220 4.1796 
43 	 43.8040 3.2624 	 47.0160 2.1673 	 41.4160 1.9344 	 45.7320 3.3191 	 46.4860 3.3337 	 46.4860 3.3337 
44 	 44.3740 3.4292 	 47.4040 2.6448 	 42.1040 2.4532 	 43.7080 2.7176 	 47.2760 2.9538 	 47.2760 2.9538 
45 	 46.1480 2.7753 	 46.7880 2.3158 	 44.5500 2.3196 	 46.5620 2.5898 	 45.2360 3.0540 	 45.2360 3.0540 
