Task 	 PA 	 PA_NV 	 PA_SL 	 HetOTL 	 HetOTL_SL 	 OTLHS 
1 	 0.0061 0.0014 	 0.0149 0.0032 	 0.0122 0.0028 	 0.0192 0.0042 	 0.0422 0.0085 	 0.0426 0.0086 
2 	 0.0060 0.0013 	 0.0149 0.0034 	 0.0121 0.0028 	 0.0192 0.0042 	 0.0423 0.0081 	 0.0426 0.0083 
3 	 0.0065 0.0015 	 0.0166 0.0036 	 0.0129 0.0030 	 0.0202 0.0044 	 0.0467 0.0094 	 0.0444 0.0090 
4 	 0.0066 0.0015 	 0.0162 0.0034 	 0.0133 0.0030 	 0.0205 0.0044 	 0.0464 0.0091 	 0.0464 0.0090 
5 	 0.0061 0.0014 	 0.0155 0.0034 	 0.0125 0.0029 	 0.0193 0.0042 	 0.0440 0.0086 	 0.0438 0.0089 
6 	 0.0058 0.0012 	 0.0149 0.0029 	 0.0116 0.0023 	 0.0186 0.0037 	 0.0422 0.0078 	 0.0419 0.0079 
7 	 0.0062 0.0015 	 0.0156 0.0034 	 0.0127 0.0029 	 0.0200 0.0043 	 0.0443 0.0082 	 0.0451 0.0089 
8 	 0.0060 0.0014 	 0.0154 0.0032 	 0.0123 0.0028 	 0.0197 0.0042 	 0.0435 0.0081 	 0.0436 0.0082 
9 	 0.0060 0.0014 	 0.0156 0.0034 	 0.0122 0.0027 	 0.0196 0.0044 	 0.0439 0.0087 	 0.0435 0.0085 
10 	 0.0059 0.0013 	 0.0154 0.0033 	 0.0118 0.0025 	 0.0194 0.0041 	 0.0439 0.0087 	 0.0424 0.0080 
11 	 0.0060 0.0013 	 0.0153 0.0032 	 0.0121 0.0028 	 0.0197 0.0043 	 0.0434 0.0088 	 0.0438 0.0088 
12 	 0.0073 0.0014 	 0.0189 0.0035 	 0.0149 0.0028 	 0.0240 0.0043 	 0.0541 0.0085 	 0.0530 0.0087 
13 	 0.0077 0.0012 	 0.0198 0.0029 	 0.0154 0.0023 	 0.0250 0.0035 	 0.0558 0.0067 	 0.0549 0.0070 
14 	 0.0073 0.0014 	 0.0188 0.0035 	 0.0147 0.0028 	 0.0236 0.0042 	 0.0529 0.0089 	 0.0523 0.0087 
15 	 0.0073 0.0014 	 0.0189 0.0036 	 0.0149 0.0028 	 0.0235 0.0046 	 0.0530 0.0092 	 0.0520 0.0093 
16 	 0.0074 0.0013 	 0.0192 0.0033 	 0.0151 0.0025 	 0.0242 0.0040 	 0.0537 0.0083 	 0.0537 0.0078 
17 	 0.0073 0.0015 	 0.0184 0.0037 	 0.0146 0.0029 	 0.0230 0.0046 	 0.0526 0.0087 	 0.0508 0.0092 
18 	 0.0067 0.0016 	 0.0174 0.0039 	 0.0136 0.0031 	 0.0217 0.0049 	 0.0496 0.0098 	 0.0491 0.0097 
19 	 0.0069 0.0016 	 0.0182 0.0038 	 0.0140 0.0030 	 0.0230 0.0048 	 0.0510 0.0099 	 0.0509 0.0095 
20 	 0.0068 0.0015 	 0.0175 0.0039 	 0.0139 0.0031 	 0.0220 0.0048 	 0.0499 0.0096 	 0.0492 0.0097 
21 	 0.0072 0.0015 	 0.0187 0.0036 	 0.0146 0.0029 	 0.0234 0.0045 	 0.0532 0.0088 	 0.0520 0.0090 
22 	 0.0068 0.0016 	 0.0179 0.0039 	 0.0138 0.0031 	 0.0229 0.0047 	 0.0505 0.0097 	 0.0504 0.0097 
23 	 0.0068 0.0016 	 0.0176 0.0038 	 0.0137 0.0031 	 0.0219 0.0049 	 0.0490 0.0101 	 0.0486 0.0101 
24 	 0.0067 0.0015 	 0.0178 0.0038 	 0.0137 0.0032 	 0.0224 0.0047 	 0.0502 0.0098 	 0.0488 0.0100 
25 	 0.0068 0.0016 	 0.0179 0.0039 	 0.0135 0.0031 	 0.0219 0.0049 	 0.0497 0.0097 	 0.0487 0.0099 
26 	 0.0072 0.0014 	 0.0185 0.0037 	 0.0146 0.0029 	 0.0234 0.0046 	 0.0531 0.0089 	 0.0524 0.0086 
27 	 0.0071 0.0015 	 0.0187 0.0038 	 0.0143 0.0029 	 0.0230 0.0046 	 0.0515 0.0097 	 0.0511 0.0096 
28 	 0.0074 0.0014 	 0.0194 0.0033 	 0.0151 0.0026 	 0.0244 0.0040 	 0.0550 0.0077 	 0.0541 0.0077 
29 	 0.0075 0.0014 	 0.0192 0.0035 	 0.0150 0.0027 	 0.0235 0.0044 	 0.0529 0.0090 	 0.0524 0.0089 
30 	 0.0075 0.0013 	 0.0191 0.0034 	 0.0150 0.0027 	 0.0239 0.0043 	 0.0526 0.0090 	 0.0535 0.0081 
31 	 0.0070 0.0016 	 0.0184 0.0038 	 0.0143 0.0030 	 0.0231 0.0047 	 0.0524 0.0092 	 0.0512 0.0091 
32 	 0.0068 0.0016 	 0.0179 0.0039 	 0.0140 0.0031 	 0.0228 0.0047 	 0.0509 0.0097 	 0.0506 0.0094 
33 	 0.0068 0.0016 	 0.0175 0.0039 	 0.0138 0.0031 	 0.0222 0.0047 	 0.0489 0.0098 	 0.0497 0.0095 
34 	 0.0069 0.0016 	 0.0183 0.0037 	 0.0142 0.0030 	 0.0232 0.0046 	 0.0527 0.0090 	 0.0518 0.0088 
35 	 0.0069 0.0016 	 0.0179 0.0039 	 0.0141 0.0031 	 0.0226 0.0049 	 0.0502 0.0098 	 0.0497 0.0097 
36 	 0.0073 0.0015 	 0.0190 0.0034 	 0.0150 0.0028 	 0.0240 0.0041 	 0.0541 0.0080 	 0.0528 0.0086 
37 	 0.0068 0.0016 	 0.0176 0.0039 	 0.0138 0.0031 	 0.0226 0.0048 	 0.0505 0.0094 	 0.0497 0.0096 
38 	 0.0068 0.0016 	 0.0177 0.0039 	 0.0138 0.0031 	 0.0227 0.0048 	 0.0504 0.0097 	 0.0492 0.0099 
39 	 0.0069 0.0016 	 0.0182 0.0039 	 0.0142 0.0031 	 0.0224 0.0049 	 0.0509 0.0096 	 0.0501 0.0098 
40 	 0.0074 0.0014 	 0.0193 0.0035 	 0.0150 0.0028 	 0.0234 0.0046 	 0.0527 0.0089 	 0.0528 0.0088 
41 	 0.0069 0.0015 	 0.0184 0.0038 	 0.0140 0.0031 	 0.0228 0.0046 	 0.0508 0.0099 	 0.0503 0.0094 
42 	 0.0073 0.0014 	 0.0189 0.0036 	 0.0148 0.0028 	 0.0236 0.0044 	 0.0524 0.0087 	 0.0528 0.0083 
43 	 0.0071 0.0015 	 0.0185 0.0038 	 0.0143 0.0031 	 0.0230 0.0045 	 0.0515 0.0093 	 0.0513 0.0091 
44 	 0.0071 0.0015 	 0.0182 0.0039 	 0.0144 0.0029 	 0.0232 0.0046 	 0.0511 0.0097 	 0.0513 0.0093 
45 	 0.0072 0.0015 	 0.0185 0.0035 	 0.0146 0.0029 	 0.0235 0.0045 	 0.0527 0.0087 	 0.0519 0.0091 
