Task 	 PA 	 PA_NV 	 PA_SL 	 HetOTL 	 HetOTL_SL 	 OTLHS 
1 	 100.0000 0.0000 	 77.6700 2.1334 	 100.0000 0.0000 	 188.4960 2.5824 	 310.7200 5.0526 	 311.0600 5.1125 
2 	 100.0000 0.0000 	 73.0640 1.8131 	 100.0000 0.0000 	 180.4040 3.1220 	 309.5800 5.0865 	 309.9920 5.1263 
3 	 100.0000 0.0000 	 76.8260 1.9601 	 100.0000 0.0000 	 185.9920 2.7753 	 301.2440 4.7376 	 301.6440 4.7215 
4 	 100.0000 0.0000 	 79.4080 1.8111 	 100.0000 0.0000 	 189.5440 2.2100 	 314.9280 4.5953 	 315.3120 4.5433 
5 	 100.0000 0.0000 	 76.9880 1.8306 	 100.0000 0.0000 	 185.4320 2.5210 	 311.6440 5.1432 	 311.9560 5.1095 
6 	 100.0000 0.0000 	 72.9240 1.7400 	 100.0000 0.0000 	 177.7880 2.5320 	 296.0040 4.8180 	 296.2760 4.7153 
7 	 100.0000 0.0000 	 80.6120 1.7516 	 100.0000 0.0000 	 189.8800 1.9781 	 344.7080 4.0485 	 344.8640 3.9817 
8 	 100.0000 0.0000 	 79.7280 1.7495 	 100.0000 0.0000 	 189.4560 2.2908 	 331.4280 4.4785 	 331.5080 4.4853 
9 	 100.0000 0.0000 	 76.1220 1.9307 	 100.0000 0.0000 	 184.0040 2.7446 	 306.6200 4.9796 	 306.9560 5.1533 
10 	 100.0000 0.0000 	 77.0300 1.8338 	 100.0000 0.0000 	 185.7440 2.3990 	 308.4400 4.3716 	 308.8000 4.4720 
11 	 100.0000 0.0000 	 74.2460 1.6312 	 100.0000 0.0000 	 181.5840 2.5848 	 300.4920 5.1667 	 300.7480 5.1823 
12 	 100.0000 0.0000 	 78.5060 1.9454 	 100.0000 0.0000 	 187.1760 2.5169 	 321.3480 5.2378 	 321.7160 5.1922 
13 	 100.0000 0.0000 	 79.3540 1.7940 	 100.0000 0.0000 	 187.9400 2.6626 	 320.9280 5.1827 	 321.0760 5.1589 
14 	 100.0000 0.0000 	 74.5420 2.0196 	 100.0000 0.0000 	 183.4160 2.8531 	 306.4800 4.2837 	 306.6440 4.2681 
15 	 100.0000 0.0000 	 75.2280 2.0275 	 100.0000 0.0000 	 183.5600 2.6150 	 306.4160 4.7828 	 306.7680 4.6612 
16 	 100.0000 0.0000 	 80.6400 1.9322 	 100.0000 0.0000 	 190.2080 2.1360 	 323.1080 4.3784 	 323.2680 4.2818 
17 	 100.0000 0.0000 	 76.6020 2.0342 	 100.0000 0.0000 	 186.0360 2.4684 	 319.4800 4.1122 	 319.6120 4.0873 
18 	 100.0000 0.0000 	 75.8880 1.7806 	 100.0000 0.0000 	 183.6200 2.5185 	 309.1680 4.5182 	 309.2520 4.5442 
19 	 100.0000 0.0000 	 74.5940 1.8516 	 100.0000 0.0000 	 183.2400 2.5518 	 296.9200 4.8076 	 297.4000 4.8777 
20 	 100.0000 0.0000 	 77.2900 1.9017 	 100.0000 0.0000 	 185.0920 2.5469 	 313.5320 4.3369 	 313.6720 4.3146 
21 	 100.0000 0.0000 	 80.9540 1.5977 	 100.0000 0.0000 	 190.8000 2.1401 	 340.7720 3.9538 	 340.8680 3.9307 
22 	 100.0000 0.0000 	 75.2520 1.7808 	 100.0000 0.0000 	 182.1680 3.1538 	 292.8520 4.7627 	 293.1560 4.7178 
23 	 100.0000 0.0000 	 77.7560 1.7036 	 100.0000 0.0000 	 186.4320 2.2105 	 337.0600 4.4786 	 337.1960 4.4242 
24 	 100.0000 0.0000 	 75.3360 1.7809 	 100.0000 0.0000 	 183.1520 2.6638 	 300.7560 5.0060 	 300.9880 5.0287 
25 	 100.0000 0.0000 	 75.4780 1.8865 	 100.0000 0.0000 	 182.6800 2.9457 	 299.4160 5.1722 	 299.6280 5.2281 
26 	 100.0000 0.0000 	 80.4040 1.7380 	 100.0000 0.0000 	 190.8760 2.0338 	 341.3560 4.2282 	 341.5120 4.2170 
27 	 100.0000 0.0000 	 81.0080 1.4653 	 100.0000 0.0000 	 190.5480 2.2009 	 327.1520 4.5915 	 327.2120 4.5509 
28 	 100.0000 0.0000 	 66.1100 1.9826 	 100.0000 0.0000 	 168.8960 3.6373 	 270.1240 5.4738 	 270.4080 5.4925 
29 	 100.0000 0.0000 	 77.5500 1.8096 	 100.0000 0.0000 	 187.0200 2.2801 	 313.0640 4.5380 	 313.3680 4.5929 
30 	 100.0000 0.0000 	 72.3920 1.7272 	 100.0000 0.0000 	 179.7960 3.2239 	 292.7280 5.7426 	 292.9960 5.7446 
31 	 100.0000 0.0000 	 80.9360 1.8001 	 100.0000 0.0000 	 191.9240 1.8871 	 336.2760 4.0039 	 336.4520 4.0180 
32 	 100.0000 0.0000 	 77.2400 1.9240 	 100.0000 0.0000 	 186.5040 2.6445 	 312.7000 4.9461 	 312.9560 4.9755 
33 	 100.0000 0.0000 	 75.8340 2.0287 	 100.0000 0.0000 	 184.8000 3.0911 	 310.6800 5.4468 	 310.9440 5.5249 
34 	 100.0000 0.0000 	 78.0120 1.8789 	 100.0000 0.0000 	 187.5200 2.4074 	 327.5240 4.1785 	 327.7200 4.3076 
35 	 100.0000 0.0000 	 71.4180 1.9330 	 100.0000 0.0000 	 178.1560 3.3321 	 290.5760 5.2982 	 291.0880 5.5432 
36 	 100.0000 0.0000 	 72.9880 1.7895 	 100.0000 0.0000 	 182.5600 2.8687 	 328.6280 4.6756 	 328.8360 4.6373 
37 	 100.0000 0.0000 	 76.2000 2.0615 	 100.0000 0.0000 	 186.3680 2.3467 	 309.6880 4.7358 	 309.8920 4.6882 
38 	 100.0000 0.0000 	 72.9620 1.8973 	 100.0000 0.0000 	 179.3840 3.2088 	 292.4000 5.0880 	 292.6000 5.0837 
39 	 100.0000 0.0000 	 76.8980 1.7804 	 100.0000 0.0000 	 187.0960 2.3521 	 315.1360 5.0733 	 315.4920 5.0134 
40 	 100.0000 0.0000 	 83.7000 1.4235 	 100.0000 0.0000 	 193.4440 1.5244 	 351.6240 3.8307 	 351.7480 3.8872 
41 	 100.0000 0.0000 	 78.5300 1.7159 	 100.0000 0.0000 	 187.7680 2.2514 	 327.6200 4.4880 	 327.6840 4.4547 
42 	 100.0000 0.0000 	 76.3040 1.6197 	 100.0000 0.0000 	 185.3800 2.4555 	 319.7160 4.8882 	 319.7720 4.8503 
43 	 100.0000 0.0000 	 79.0580 1.7708 	 100.0000 0.0000 	 188.3200 2.3490 	 334.0240 4.7342 	 334.2600 4.8028 
44 	 100.0000 0.0000 	 77.9420 1.6089 	 100.0000 0.0000 	 187.3680 2.4718 	 321.1520 4.7815 	 321.3480 4.6940 
45 	 100.0000 0.0000 	 78.2360 1.6912 	 100.0000 0.0000 	 188.8400 2.0471 	 329.0760 4.2289 	 329.1360 4.2442 
