Task 	 PA 	 PA_NV 	 PA_SL 	 HetOTL 	 HetOTL_SL 	 OTLHS 
1 	 76.5080 2.1132 	 77.6700 2.1334 	 94.7420 1.4014 	 154.2880 4.5269 	 258.1400 5.0846 	 258.6560 5.0294 
2 	 71.5320 2.2961 	 73.0640 1.8131 	 92.8880 1.4183 	 148.4960 3.8665 	 256.0600 4.2974 	 256.6720 4.4382 
3 	 73.3260 2.1673 	 76.8260 1.9601 	 93.9700 1.3419 	 154.2800 3.7920 	 248.3800 4.6098 	 248.8520 4.2873 
4 	 76.2200 2.0852 	 79.4080 1.8111 	 94.6420 1.3837 	 157.1000 3.8055 	 263.8520 4.6819 	 264.3920 4.8319 
5 	 72.7480 2.2485 	 76.9880 1.8306 	 93.7040 1.5467 	 153.7280 3.7437 	 259.4160 4.5292 	 259.9960 4.4264 
6 	 73.0220 1.9242 	 72.9240 1.7400 	 93.9340 1.5117 	 147.8160 3.0850 	 243.6480 4.3445 	 244.4720 4.2509 
7 	 72.3880 2.2697 	 80.6120 1.7516 	 94.5680 1.5489 	 159.4760 3.6176 	 288.5720 4.3512 	 288.5200 4.2600 
8 	 74.1900 1.8096 	 79.7280 1.7495 	 94.6380 1.4009 	 156.6600 3.8978 	 279.6320 4.4436 	 279.4160 4.5081 
9 	 73.5520 2.2454 	 76.1220 1.9307 	 94.0540 1.5234 	 153.0680 3.9619 	 254.8480 4.6245 	 255.7240 4.4632 
10 	 75.8280 2.3006 	 77.0300 1.8338 	 94.5200 1.3523 	 155.0120 3.7192 	 259.8360 4.4709 	 260.4280 4.5654 
11 	 73.2620 2.2187 	 74.2460 1.6312 	 93.6960 1.5795 	 150.0960 3.8283 	 249.1800 5.1201 	 249.5160 5.2969 
12 	 75.9600 2.1105 	 78.5060 1.9454 	 95.0100 1.3133 	 154.7520 4.1442 	 260.4520 4.7702 	 261.1320 4.9515 
13 	 74.5360 1.9534 	 79.3540 1.7940 	 94.6040 1.4369 	 157.1440 3.6586 	 264.7480 4.9432 	 265.1520 4.7876 
14 	 71.4560 2.1739 	 74.5420 2.0196 	 93.1580 1.5401 	 152.3280 3.5995 	 257.1200 5.1323 	 257.6640 5.2489 
15 	 73.1260 2.3275 	 75.2280 2.0275 	 93.8520 1.4825 	 152.3320 3.8380 	 255.7400 4.4800 	 256.2960 4.5938 
16 	 75.5720 2.4450 	 80.6400 1.9322 	 94.6860 1.5500 	 157.7680 3.9073 	 267.3200 4.8650 	 267.4640 4.8660 
17 	 74.2200 2.1804 	 76.6020 2.0342 	 94.7620 1.3844 	 155.3760 3.9057 	 269.3880 4.4529 	 269.5040 4.6703 
18 	 73.8880 2.1782 	 75.8880 1.7806 	 94.1860 1.4854 	 154.1960 3.8191 	 258.1080 4.3577 	 258.3480 4.3091 
19 	 72.3960 2.1557 	 74.5940 1.8516 	 93.6260 1.4990 	 150.6320 3.8359 	 241.5600 4.5658 	 242.0160 4.8475 
20 	 74.2660 2.3405 	 77.2900 1.9017 	 94.0900 1.5330 	 154.1560 3.8968 	 260.5240 4.6864 	 261.1160 4.4558 
21 	 72.8580 1.8615 	 80.9540 1.5977 	 94.3800 1.2705 	 159.9760 3.4054 	 288.0600 4.8630 	 288.0880 4.8324 
22 	 75.0380 2.1836 	 75.2520 1.7808 	 94.3760 1.4022 	 149.3600 3.8935 	 233.0920 4.8090 	 234.1440 4.8909 
23 	 71.3760 2.1477 	 77.7560 1.7036 	 93.6960 1.5433 	 155.7680 3.6573 	 283.0920 4.7929 	 282.6920 4.7400 
24 	 72.3980 2.3337 	 75.3360 1.7809 	 93.7380 1.6262 	 151.8320 3.6498 	 252.5440 4.8945 	 252.8320 4.8558 
25 	 74.1980 1.9804 	 75.4780 1.8865 	 94.0620 1.3573 	 150.0760 3.5027 	 244.8840 5.1584 	 245.9000 5.2145 
26 	 74.3560 2.2838 	 80.4040 1.7380 	 94.9380 1.3465 	 159.5080 3.6576 	 286.2480 3.7976 	 286.1360 3.6285 
27 	 75.3120 2.0509 	 81.0080 1.4653 	 95.0920 1.3164 	 160.6600 3.0949 	 275.6960 4.0686 	 275.9240 4.2055 
28 	 71.9180 2.1703 	 66.1100 1.9826 	 93.0480 1.5021 	 137.5480 4.1220 	 216.3000 5.8651 	 216.9400 5.6561 
29 	 73.1800 2.3835 	 77.5500 1.8096 	 94.5940 1.5373 	 155.6280 3.6798 	 263.7760 5.0700 	 264.0560 5.2311 
30 	 72.2320 2.1304 	 72.3920 1.7272 	 93.5060 1.3840 	 148.7720 3.6066 	 241.3160 5.2979 	 242.4440 5.6468 
31 	 75.8380 2.1158 	 80.9360 1.8001 	 95.1000 1.3872 	 157.9760 3.5690 	 283.3360 4.7138 	 283.0840 4.6094 
32 	 72.8900 2.4607 	 77.2400 1.9240 	 93.8520 1.6034 	 154.3680 3.9137 	 259.8000 4.3827 	 260.0640 4.4657 
33 	 74.4780 2.2618 	 75.8340 2.0287 	 94.4200 1.5690 	 153.3720 4.0323 	 254.3480 5.1623 	 255.2600 5.2661 
34 	 73.4120 2.1725 	 78.0120 1.8789 	 94.3260 1.5949 	 156.4400 3.4989 	 272.7720 4.9447 	 273.4720 5.1436 
35 	 74.1340 2.4788 	 71.4180 1.9330 	 94.2660 1.5715 	 145.7920 4.0770 	 229.2520 5.0178 	 229.7320 5.1213 
36 	 72.1440 2.2364 	 72.9880 1.7895 	 94.0700 1.2441 	 149.9600 3.6411 	 275.2000 4.6457 	 275.0400 4.4265 
37 	 72.9480 2.2114 	 76.2000 2.0615 	 93.9300 1.3249 	 154.4760 3.6927 	 261.4480 4.6909 	 261.7720 4.7391 
38 	 74.6760 2.3684 	 72.9620 1.8973 	 94.6640 1.5287 	 147.7080 4.3743 	 241.3960 4.6378 	 241.9760 4.7929 
39 	 74.0620 2.0579 	 76.8980 1.7804 	 94.3220 1.3751 	 154.0800 3.3927 	 262.1840 4.5070 	 262.2840 4.2203 
40 	 73.2680 2.3567 	 83.7000 1.4235 	 94.8620 1.2458 	 162.8520 3.0641 	 294.8760 4.6567 	 294.2400 4.6938 
41 	 74.8180 2.1488 	 78.5300 1.7159 	 94.7180 1.4867 	 154.0800 3.7446 	 263.0000 4.4165 	 263.6000 4.5444 
42 	 71.7380 2.0378 	 76.3040 1.6197 	 93.3520 1.3822 	 154.3880 3.3415 	 267.6240 4.2919 	 267.9400 4.4223 
43 	 72.7500 2.3049 	 79.0580 1.7708 	 94.4820 1.2214 	 156.8920 3.5482 	 281.1520 4.6423 	 281.6000 4.4429 
44 	 74.5020 2.1687 	 77.9420 1.6089 	 94.7420 1.4973 	 154.9640 3.7165 	 270.4440 5.1658 	 270.8280 5.3967 
45 	 74.3580 2.2535 	 78.2360 1.6912 	 94.9560 1.5177 	 156.8840 3.6454 	 274.4320 4.8708 	 274.3640 5.1402 
