Task 	 PA 	 PA_NV 	 PA_SL 	 HetOTL 	 HetOTL_SL 	 OTLHS 
1 	 49.9040 2.1930 	 43.2000 1.8852 	 49.9040 2.1930 	 45.3200 2.0687 	 38.9140 1.6061 	 39.0880 1.6840 
2 	 50.1540 2.2969 	 35.9220 1.5271 	 50.1540 2.2969 	 38.6200 1.8367 	 32.0220 1.5750 	 32.1620 1.6408 
3 	 50.3400 2.2607 	 39.5200 2.0763 	 50.3400 2.2607 	 42.4280 2.0591 	 35.9640 1.6192 	 36.2120 1.7103 
4 	 50.0800 2.0044 	 44.9860 1.9391 	 50.0800 2.0044 	 46.6040 1.8952 	 40.0500 1.7860 	 40.2240 1.8293 
5 	 49.9940 2.1054 	 41.0020 1.7971 	 49.9940 2.1054 	 43.1740 1.8477 	 37.0680 1.6911 	 37.2020 1.7390 
6 	 50.6180 2.3066 	 36.1880 1.6843 	 50.6180 2.3066 	 38.9660 1.6111 	 31.2220 1.4858 	 31.4360 1.5040 
7 	 50.1160 2.3395 	 44.8680 1.9184 	 50.1160 2.3395 	 46.3040 1.9442 	 41.9280 1.7204 	 42.0840 1.7707 
8 	 49.9400 2.0549 	 43.4200 1.7369 	 49.9400 2.0549 	 45.6240 1.8465 	 38.8640 1.8090 	 39.1220 1.7832 
9 	 50.1460 2.0465 	 38.8480 1.6688 	 50.1460 2.0465 	 42.0380 1.7793 	 34.5340 1.4628 	 34.7460 1.5629 
10 	 50.2420 2.2221 	 42.2280 1.8729 	 50.2420 2.2221 	 44.4340 2.0263 	 39.0520 1.7204 	 39.2140 1.7714 
11 	 50.3300 2.3621 	 36.8280 1.4796 	 50.3300 2.3621 	 39.1500 1.8509 	 31.6480 1.5419 	 31.8160 1.4941 
12 	 50.1060 2.1281 	 42.0620 1.9837 	 50.1060 2.1281 	 43.8220 2.1796 	 36.2060 1.4303 	 36.5260 1.4660 
13 	 49.7680 2.2205 	 40.9220 1.6658 	 49.7680 2.2205 	 42.8720 1.9161 	 36.0200 1.3459 	 36.2720 1.3852 
14 	 50.2120 2.0743 	 36.9960 1.6285 	 50.2120 2.0743 	 39.4780 1.6689 	 32.5460 1.6901 	 32.7480 1.7227 
15 	 50.6420 2.4523 	 37.3940 1.5895 	 50.6420 2.4523 	 39.8760 1.8677 	 32.1940 1.6847 	 32.4340 1.6738 
16 	 49.9620 2.5358 	 44.6580 2.1056 	 49.9620 2.5358 	 45.8760 2.1695 	 39.4440 1.5716 	 39.6480 1.5868 
17 	 50.0200 2.1587 	 39.8980 1.8163 	 50.0200 2.1587 	 42.3440 1.8449 	 36.5360 1.7108 	 36.7880 1.7037 
18 	 49.8180 2.5504 	 38.0920 1.6006 	 49.8180 2.5504 	 40.9440 1.7992 	 34.3860 1.6883 	 34.5520 1.7376 
19 	 49.9940 2.2701 	 36.8540 1.7108 	 49.9940 2.2701 	 39.8480 1.7896 	 31.9940 1.6802 	 32.2020 1.6681 
20 	 49.7560 2.1793 	 40.4540 1.8405 	 49.7560 2.1793 	 42.6720 1.9184 	 36.8260 1.8605 	 36.9720 1.8146 
21 	 50.0720 2.0206 	 42.7400 1.7894 	 50.0720 2.0206 	 45.3400 1.9979 	 40.3660 1.6171 	 40.5280 1.6557 
22 	 49.8720 2.2363 	 35.5000 1.6087 	 49.8720 2.2363 	 37.7480 1.7603 	 30.5280 1.5238 	 30.8060 1.5535 
23 	 49.8280 2.1907 	 38.8780 1.9388 	 49.8280 2.1907 	 41.6400 1.9407 	 36.9360 1.9969 	 37.1360 1.9292 
24 	 50.0440 2.3318 	 34.8680 1.7142 	 50.0440 2.3318 	 38.1660 1.7627 	 30.9140 1.6291 	 31.0480 1.6525 
25 	 50.0820 2.0855 	 36.1580 1.5288 	 50.0820 2.0855 	 38.5020 1.7126 	 30.6160 1.3617 	 30.8060 1.4161 
26 	 49.8600 2.1442 	 41.7480 1.9400 	 49.8600 2.1442 	 44.3240 2.0066 	 38.5580 1.8123 	 38.8180 1.8084 
27 	 50.3080 2.0031 	 40.9680 1.7386 	 50.3080 2.0031 	 44.0580 1.9068 	 37.5660 1.9674 	 37.7800 1.9912 
28 	 50.2080 2.4271 	 27.5780 1.5069 	 50.2080 2.4271 	 30.2280 1.5015 	 22.9640 1.1251 	 23.1900 1.1311 
29 	 50.0940 2.3815 	 40.5840 1.6829 	 50.0940 2.3815 	 43.1420 2.0154 	 36.5920 1.6240 	 36.7220 1.6285 
30 	 50.5320 2.0793 	 33.4040 1.6682 	 50.5320 2.0793 	 36.0120 1.9384 	 28.1560 1.4178 	 28.4320 1.5711 
31 	 49.9100 2.2857 	 46.3820 2.0253 	 49.9100 2.2857 	 47.9360 2.1045 	 41.9620 1.7516 	 42.1420 1.8172 
32 	 49.7420 2.4353 	 39.9240 1.8186 	 49.7420 2.4353 	 42.3780 1.9664 	 34.4960 1.7372 	 34.6620 1.7470 
33 	 50.3340 2.0724 	 39.4800 1.6875 	 50.3340 2.0724 	 41.8500 1.6074 	 35.0940 1.6787 	 35.4200 1.7397 
34 	 50.2120 2.2953 	 41.9160 1.8189 	 50.2120 2.2953 	 44.1440 2.1436 	 38.0360 1.9316 	 38.1840 1.8420 
35 	 49.8900 2.5302 	 34.6580 1.6407 	 49.8900 2.5302 	 36.4460 1.6815 	 29.6080 1.5001 	 29.8420 1.4911 
36 	 50.5320 2.2322 	 36.9040 1.6299 	 50.5320 2.2322 	 39.4800 1.7766 	 34.5760 1.5915 	 34.8080 1.4872 
37 	 50.2140 2.1349 	 39.7000 1.7123 	 50.2140 2.1349 	 42.7200 1.7664 	 35.5060 1.6720 	 35.6020 1.7248 
38 	 50.4880 2.5947 	 35.1320 1.4741 	 50.4880 2.5947 	 37.5980 1.7178 	 30.6340 1.6123 	 30.8840 1.6104 
39 	 50.2160 2.1781 	 39.9580 1.6763 	 50.2160 2.1781 	 43.1220 1.7472 	 36.6520 1.5161 	 36.8420 1.5248 
40 	 50.2960 2.3537 	 47.9260 1.9392 	 50.2960 2.3537 	 48.6760 2.1361 	 43.6820 1.7871 	 43.9440 1.8456 
41 	 50.2760 2.1227 	 39.5600 1.7389 	 50.2760 2.1227 	 42.4700 1.7575 	 34.5260 1.7062 	 34.7040 1.7185 
42 	 49.9880 1.8569 	 36.8940 1.6403 	 49.9880 1.8569 	 40.3580 1.7283 	 33.7640 1.5496 	 33.9180 1.5735 
43 	 50.1100 2.3578 	 40.6700 2.0315 	 50.1100 2.3578 	 43.6640 2.0978 	 36.9140 1.5674 	 37.1400 1.6415 
44 	 50.1220 2.2865 	 39.5360 1.7677 	 50.1220 2.2865 	 42.0820 1.9767 	 34.9680 1.5533 	 35.1880 1.5084 
45 	 50.2020 2.1730 	 40.5880 1.9951 	 50.2020 2.1730 	 43.6340 2.1120 	 37.4480 1.7042 	 37.6000 1.6920 
