Task 	 PA 	 PA_NV 	 PA_SL 	 HetOTL 	 HetOTL_SL 	 OTLHS 
1 	 48.5200 1.1459 	 47.8580 1.4157 	 47.4580 1.2765 	 48.1840 1.2667 	 43.6840 2.4413 	 43.6300 2.3860 
2 	 45.0500 3.0754 	 40.7080 2.9287 	 38.7600 2.2549 	 41.6200 4.6524 	 35.7500 4.1735 	 33.9920 3.3378 
3 	 46.6140 2.3752 	 45.7660 2.9776 	 44.2280 1.4991 	 43.7940 2.3451 	 39.7380 3.1758 	 39.6740 3.0689 
4 	 49.5480 1.0894 	 48.3520 1.7207 	 48.7240 1.2107 	 48.9280 1.4460 	 44.5060 2.3883 	 44.4020 2.2700 
5 	 46.3000 2.5586 	 45.6920 2.0559 	 42.6760 1.9482 	 45.8100 2.6524 	 39.5300 3.3665 	 39.1460 2.9917 
6 	 43.3660 3.4135 	 44.8260 3.3580 	 39.2520 1.6100 	 39.9820 3.0718 	 38.3480 3.7501 	 37.8060 3.3188 
7 	 45.0360 2.0377 	 48.0840 1.1783 	 42.8260 1.5405 	 46.3600 1.8224 	 47.6040 1.8747 	 47.5900 1.8683 
8 	 48.2560 0.9831 	 47.5600 1.6593 	 47.0980 1.1907 	 47.8600 1.3608 	 45.5020 2.6217 	 45.4120 2.5414 
9 	 46.1460 2.8089 	 44.4560 2.5394 	 42.7240 2.0398 	 44.2920 2.9612 	 38.2600 3.1728 	 38.2140 3.1019 
10 	 48.2140 1.0043 	 47.2960 1.3711 	 47.7980 1.1521 	 47.5740 1.2439 	 46.6340 1.8788 	 46.4040 1.8398 
11 	 43.6680 3.1762 	 40.0700 3.3847 	 40.6900 1.7325 	 41.9160 3.8398 	 39.2560 4.4263 	 38.5000 3.8110 
12 	 48.9080 1.0740 	 45.4820 2.6139 	 48.0280 1.0269 	 45.6500 2.0981 	 44.6620 3.8086 	 44.5860 3.7396 
13 	 45.3960 2.4334 	 41.8260 2.4846 	 42.8860 1.8143 	 43.2520 2.8466 	 38.2380 3.1116 	 38.2240 3.0871 
14 	 43.9260 3.2099 	 40.6560 3.2323 	 38.4800 2.0668 	 43.0820 4.4295 	 43.5800 4.5094 	 39.5780 3.5529 
15 	 46.0860 2.2729 	 40.9160 2.7623 	 43.2860 1.6006 	 43.4140 3.1714 	 42.2080 4.3185 	 41.4260 3.8404 
16 	 48.5920 1.1104 	 46.8420 2.1073 	 47.5200 1.2868 	 47.4500 1.5966 	 48.6500 2.5495 	 48.2580 2.4170 
17 	 45.2700 2.1657 	 43.8200 2.8322 	 43.5000 1.5716 	 44.3840 2.4629 	 41.3760 3.7830 	 41.3260 3.7077 
18 	 44.7900 3.1445 	 42.6240 2.5235 	 41.7280 2.0890 	 43.0920 2.9298 	 44.5400 3.7053 	 44.2240 3.5555 
19 	 42.1000 3.0109 	 47.2800 2.2479 	 39.3480 1.8581 	 43.2060 3.0188 	 45.0040 3.9936 	 44.3760 3.7402 
20 	 46.2260 2.4848 	 46.7360 2.6932 	 43.7820 1.7533 	 46.6800 2.7337 	 45.6440 3.2227 	 45.2560 3.0685 
21 	 46.2280 3.0609 	 48.0340 1.6151 	 41.8960 1.5935 	 47.1300 2.6460 	 48.3860 1.7945 	 48.3420 1.7846 
22 	 43.4720 3.0177 	 47.7940 2.7326 	 41.7420 2.0952 	 46.0520 3.6868 	 48.1440 2.4536 	 47.0680 2.3066 
23 	 42.4180 4.0834 	 44.9520 2.4776 	 35.6140 2.0009 	 43.2860 4.5709 	 47.8140 3.3464 	 46.1740 3.2027 
24 	 42.2140 3.5678 	 43.0160 4.1526 	 38.5600 1.9154 	 43.1440 4.5089 	 37.8880 4.9928 	 37.5260 4.6729 
25 	 42.9000 3.7154 	 46.8820 3.0166 	 40.1240 2.5070 	 45.3560 3.8640 	 38.2520 4.3786 	 37.7220 4.0380 
26 	 47.1920 1.7823 	 46.4500 1.7374 	 45.4000 1.5242 	 46.8100 1.8040 	 46.2420 2.6705 	 46.2380 2.6657 
27 	 46.1240 2.0966 	 45.2800 2.1221 	 44.3900 1.4155 	 45.9840 2.3778 	 43.5060 3.5797 	 43.4800 3.5459 
28 	 41.5560 4.0926 	 44.4340 4.5427 	 35.4180 2.2249 	 32.3480 4.1992 	 27.8160 4.1440 	 27.2400 3.6779 
29 	 48.4840 1.3959 	 45.1080 2.0472 	 46.7240 1.3399 	 47.0640 2.1337 	 44.4240 2.9794 	 44.1360 2.7930 
30 	 41.0880 4.2163 	 46.3260 3.1557 	 35.8620 2.3062 	 36.0080 3.4891 	 31.7880 3.8484 	 31.3140 3.4602 
31 	 49.0260 0.9104 	 49.0680 0.9399 	 48.5220 1.0544 	 48.9580 0.8032 	 47.1100 1.6912 	 47.1080 1.6955 
32 	 46.7760 2.5148 	 46.7660 2.6995 	 43.6320 1.5783 	 43.3180 2.5090 	 44.1380 4.1461 	 44.0240 4.0405 
33 	 46.8120 2.4274 	 42.3400 2.9455 	 44.3220 1.8946 	 43.7320 3.0516 	 38.5820 3.2525 	 38.5440 3.2040 
34 	 44.3520 2.2563 	 45.6660 2.2271 	 42.7280 1.6329 	 44.7360 2.2816 	 42.5280 3.1583 	 42.5020 3.1239 
35 	 45.2560 3.1188 	 43.9700 4.1770 	 40.7460 2.2468 	 40.1080 3.8727 	 42.0980 5.4910 	 41.3960 4.9340 
36 	 42.3920 3.9047 	 38.9000 3.0407 	 35.7860 1.7478 	 41.0420 4.4576 	 44.6400 4.3560 	 40.6900 3.7301 
37 	 46.4120 2.1139 	 46.6400 2.2260 	 42.9020 1.4308 	 46.4860 2.2142 	 46.1640 3.0395 	 45.7540 2.8812 
38 	 43.0460 2.8512 	 44.6820 3.6582 	 40.9980 1.9607 	 43.2740 4.3168 	 42.4640 5.0828 	 41.6740 4.7353 
39 	 42.6100 3.1127 	 47.6260 2.1397 	 40.1660 2.1373 	 44.7480 2.7535 	 43.4480 4.1969 	 43.0180 3.8276 
40 	 46.7160 1.5237 	 48.8360 0.9313 	 45.2320 1.2957 	 48.0640 1.1952 	 48.4620 2.9894 	 48.3900 2.9320 
41 	 45.1760 2.8433 	 47.6840 2.1284 	 41.7920 1.7068 	 45.1520 2.8114 	 41.1960 3.2277 	 41.1660 3.1777 
42 	 38.5220 3.5151 	 44.7900 2.6329 	 35.0000 1.7938 	 39.2580 3.1580 	 36.6220 4.1796 	 36.4720 3.9836 
43 	 43.8040 3.2624 	 47.0160 2.1673 	 40.2600 1.5190 	 45.7320 3.3191 	 46.4860 3.3337 	 46.3340 3.2596 
44 	 44.3740 3.4292 	 47.4040 2.6448 	 40.7460 2.0771 	 43.7080 2.7176 	 47.2760 2.9538 	 47.1020 2.8939 
45 	 46.1480 2.7753 	 46.7880 2.3158 	 43.3320 1.8149 	 46.5620 2.5898 	 45.2360 3.0540 	 45.1400 2.9791 
