Task 	 PA 	 PA_NV 	 PA_SL 	 HetOTL 	 HetOTL_SL 	 OTLHS 
1 	 100.0000 0.0000 	 99.9820 0.1175 	 100.0000 0.0000 	 200.0000 0.0000 	 400.0000 0.0000 	 399.9200 0.3505 
2 	 97.6640 0.6887 	 100.0000 0.0000 	 100.0000 0.0000 	 200.0000 0.0000 	 400.0000 0.0000 	 392.7800 1.8970 
3 	 100.0000 0.0000 	 100.0000 0.0000 	 100.0000 0.0000 	 200.0000 0.0000 	 400.0000 0.0000 	 399.7760 0.6105 
4 	 100.0000 0.0000 	 100.0000 0.0000 	 100.0000 0.0000 	 200.0000 0.0000 	 400.0000 0.0000 	 399.8760 0.4318 
5 	 99.7440 0.4236 	 100.0000 0.0000 	 100.0000 0.0000 	 200.0000 0.0000 	 400.0000 0.0000 	 399.2320 1.3010 
6 	 99.9940 0.0343 	 99.9940 0.0445 	 100.0000 0.0000 	 200.0000 0.0000 	 400.0000 0.0000 	 398.8920 1.2324 
7 	 100.0000 0.0000 	 100.0000 0.0000 	 100.0000 0.0000 	 200.0000 0.0000 	 400.0000 0.0000 	 396.6000 1.7436 
8 	 100.0000 0.0000 	 100.0000 0.0000 	 100.0000 0.0000 	 200.0000 0.0000 	 400.0000 0.0000 	 399.7800 0.6736 
9 	 100.0000 0.0000 	 100.0000 0.0000 	 100.0000 0.0000 	 200.0000 0.0000 	 400.0000 0.0000 	 399.9160 0.3951 
10 	 100.0000 0.0000 	 99.9460 0.2086 	 100.0000 0.0000 	 200.0000 0.0000 	 400.0000 0.0000 	 393.9920 1.5642 
11 	 99.9960 0.0281 	 100.0000 0.0000 	 100.0000 0.0000 	 200.0000 0.0000 	 400.0000 0.0000 	 397.8960 1.4557 
12 	 100.0000 0.0000 	 100.0000 0.0000 	 100.0000 0.0000 	 200.0000 0.0000 	 400.0000 0.0000 	 399.7960 0.4907 
13 	 100.0000 0.0000 	 100.0000 0.0000 	 100.0000 0.0000 	 200.0000 0.0000 	 400.0000 0.0000 	 399.9920 0.0800 
14 	 97.8800 0.5685 	 100.0000 0.0000 	 100.0000 0.0000 	 200.0000 0.0000 	 399.9240 0.3300 	 387.3000 1.9796 
15 	 99.9980 0.0200 	 100.0000 0.0000 	 100.0000 0.0000 	 200.0000 0.0000 	 400.0000 0.0000 	 397.7320 1.4350 
16 	 100.0000 0.0000 	 99.9980 0.0200 	 100.0000 0.0000 	 200.0000 0.0000 	 400.0000 0.0000 	 395.4720 1.8614 
17 	 100.0000 0.0000 	 100.0000 0.0000 	 100.0000 0.0000 	 200.0000 0.0000 	 400.0000 0.0000 	 399.9320 0.2670 
18 	 100.0000 0.0000 	 100.0000 0.0000 	 100.0000 0.0000 	 200.0000 0.0000 	 400.0000 0.0000 	 397.8680 1.6041 
19 	 99.9920 0.0631 	 99.9860 0.0652 	 100.0000 0.0000 	 200.0000 0.0000 	 400.0000 0.0000 	 395.3680 1.8310 
20 	 100.0000 0.0000 	 99.9680 0.1651 	 100.0000 0.0000 	 200.0000 0.0000 	 400.0000 0.0000 	 395.1360 1.6602 
21 	 99.9200 0.2146 	 100.0000 0.0000 	 100.0000 0.0000 	 200.0000 0.0000 	 400.0000 0.0000 	 394.5600 1.7254 
22 	 100.0000 0.0000 	 99.7740 0.4027 	 100.0000 0.0000 	 200.0000 0.0000 	 399.9240 0.2586 	 386.8240 1.7887 
23 	 99.1480 0.4970 	 100.0000 0.0000 	 100.0000 0.0000 	 200.0000 0.0000 	 399.9680 0.1576 	 389.1880 1.7656 
24 	 99.9900 0.0718 	 99.9980 0.0200 	 100.0000 0.0000 	 200.0000 0.0000 	 400.0000 0.0000 	 399.5200 1.0281 
25 	 100.0000 0.0000 	 99.7840 0.4373 	 100.0000 0.0000 	 200.0000 0.0000 	 400.0000 0.0000 	 399.1080 1.1297 
26 	 100.0000 0.0000 	 100.0000 0.0000 	 100.0000 0.0000 	 200.0000 0.0000 	 400.0000 0.0000 	 399.8560 0.4495 
27 	 100.0000 0.0000 	 100.0000 0.0000 	 100.0000 0.0000 	 200.0000 0.0000 	 400.0000 0.0000 	 399.9800 0.1044 
28 	 99.1280 0.4961 	 99.2900 0.5143 	 100.0000 0.0000 	 200.0000 0.0000 	 400.0000 0.0000 	 395.6680 1.9752 
29 	 99.9740 0.1857 	 100.0000 0.0000 	 100.0000 0.0000 	 200.0000 0.0000 	 400.0000 0.0000 	 398.4280 1.2210 
30 	 99.8340 0.3153 	 99.9360 0.2290 	 100.0000 0.0000 	 200.0000 0.0000 	 400.0000 0.0000 	 398.0480 1.4916 
31 	 100.0000 0.0000 	 100.0000 0.0000 	 100.0000 0.0000 	 200.0000 0.0000 	 400.0000 0.0000 	 399.6240 0.7996 
32 	 99.9940 0.0445 	 100.0000 0.0000 	 100.0000 0.0000 	 200.0000 0.0000 	 400.0000 0.0000 	 399.5600 0.8307 
33 	 100.0000 0.0000 	 100.0000 0.0000 	 100.0000 0.0000 	 200.0000 0.0000 	 400.0000 0.0000 	 399.8760 0.6623 
34 	 100.0000 0.0000 	 100.0000 0.0000 	 100.0000 0.0000 	 200.0000 0.0000 	 400.0000 0.0000 	 399.9440 0.3166 
35 	 99.9920 0.0800 	 99.9860 0.1073 	 100.0000 0.0000 	 200.0000 0.0000 	 400.0000 0.0000 	 397.9240 1.8931 
36 	 99.6000 0.4080 	 98.9180 0.4091 	 100.0000 0.0000 	 200.0000 0.0000 	 399.5200 0.6097 	 387.8440 1.5019 
37 	 99.9760 0.1342 	 100.0000 0.0000 	 100.0000 0.0000 	 200.0000 0.0000 	 400.0000 0.0000 	 396.9520 1.3583 
38 	 100.0000 0.0000 	 99.9380 0.1496 	 100.0000 0.0000 	 200.0000 0.0000 	 400.0000 0.0000 	 397.3840 1.6686 
39 	 100.0000 0.0000 	 100.0000 0.0000 	 100.0000 0.0000 	 200.0000 0.0000 	 400.0000 0.0000 	 398.9080 1.2532 
40 	 100.0000 0.0000 	 100.0000 0.0000 	 100.0000 0.0000 	 200.0000 0.0000 	 400.0000 0.0000 	 399.6400 1.0018 
41 	 100.0000 0.0000 	 99.9940 0.0343 	 100.0000 0.0000 	 200.0000 0.0000 	 400.0000 0.0000 	 399.9400 0.3235 
42 	 99.9980 0.0200 	 100.0000 0.0000 	 100.0000 0.0000 	 200.0000 0.0000 	 400.0000 0.0000 	 399.7800 0.5581 
43 	 100.0000 0.0000 	 100.0000 0.0000 	 100.0000 0.0000 	 200.0000 0.0000 	 400.0000 0.0000 	 398.7960 1.2067 
44 	 100.0000 0.0000 	 100.0000 0.0000 	 100.0000 0.0000 	 200.0000 0.0000 	 400.0000 0.0000 	 396.0680 1.6644 
45 	 100.0000 0.0000 	 99.9980 0.0200 	 100.0000 0.0000 	 200.0000 0.0000 	 400.0000 0.0000 	 399.3760 1.3325 
