Task 	 PA 	 PA_NV 	 PA_SL 	 HetOTL 	 HetOTL_SL 	 OTLHS 
1 	 0.0044 0.0007 	 0.0113 0.0016 	 0.0089 0.0013 	 0.0144 0.0025 	 0.0294 0.0047 	 0.0293 0.0044 
2 	 0.0041 0.0006 	 0.0109 0.0014 	 0.0089 0.0012 	 0.0135 0.0017 	 0.0279 0.0029 	 0.0280 0.0034 
3 	 0.0043 0.0007 	 0.0114 0.0016 	 0.0089 0.0014 	 0.0141 0.0018 	 0.0291 0.0035 	 0.0289 0.0033 
4 	 0.0042 0.0005 	 0.0110 0.0013 	 0.0087 0.0009 	 0.0140 0.0019 	 0.0288 0.0030 	 0.0285 0.0028 
5 	 0.0042 0.0007 	 0.0109 0.0015 	 0.0088 0.0013 	 0.0135 0.0015 	 0.0280 0.0032 	 0.0277 0.0024 
6 	 0.0042 0.0005 	 0.0110 0.0011 	 0.0088 0.0009 	 0.0138 0.0013 	 0.0286 0.0027 	 0.0283 0.0022 
7 	 0.0041 0.0005 	 0.0110 0.0011 	 0.0092 0.0009 	 0.0139 0.0017 	 0.0297 0.0032 	 0.0294 0.0029 
8 	 0.0042 0.0004 	 0.0111 0.0009 	 0.0091 0.0011 	 0.0139 0.0014 	 0.0296 0.0027 	 0.0294 0.0028 
9 	 0.0042 0.0004 	 0.0110 0.0009 	 0.0088 0.0007 	 0.0138 0.0012 	 0.0287 0.0022 	 0.0286 0.0019 
10 	 0.0044 0.0007 	 0.0113 0.0017 	 0.0091 0.0014 	 0.0139 0.0018 	 0.0296 0.0039 	 0.0290 0.0029 
11 	 0.0043 0.0007 	 0.0110 0.0016 	 0.0090 0.0015 	 0.0136 0.0016 	 0.0279 0.0035 	 0.0280 0.0037 
12 	 0.0042 0.0004 	 0.0109 0.0010 	 0.0089 0.0010 	 0.0138 0.0019 	 0.0279 0.0025 	 0.0279 0.0030 
13 	 0.0043 0.0006 	 0.0112 0.0014 	 0.0091 0.0013 	 0.0140 0.0018 	 0.0294 0.0033 	 0.0294 0.0038 
14 	 0.0041 0.0006 	 0.0108 0.0013 	 0.0088 0.0011 	 0.0135 0.0016 	 0.0278 0.0032 	 0.0277 0.0034 
15 	 0.0042 0.0005 	 0.0109 0.0010 	 0.0088 0.0010 	 0.0136 0.0012 	 0.0281 0.0018 	 0.0282 0.0028 
16 	 0.0042 0.0002 	 0.0109 0.0008 	 0.0086 0.0006 	 0.0134 0.0009 	 0.0273 0.0003 	 0.0273 0.0017 
17 	 0.0043 0.0007 	 0.0111 0.0016 	 0.0093 0.0016 	 0.0138 0.0018 	 0.0290 0.0035 	 0.0291 0.0038 
18 	 0.0042 0.0004 	 0.0108 0.0008 	 0.0089 0.0008 	 0.0135 0.0008 	 0.0281 0.0013 	 0.0280 0.0020 
19 	 0.0042 0.0006 	 0.0110 0.0015 	 0.0089 0.0012 	 0.0139 0.0022 	 0.0275 0.0034 	 0.0276 0.0037 
20 	 0.0043 0.0004 	 0.0110 0.0011 	 0.0089 0.0009 	 0.0136 0.0008 	 0.0286 0.0015 	 0.0290 0.0031 
21 	 0.0042 0.0007 	 0.0112 0.0017 	 0.0095 0.0015 	 0.0139 0.0019 	 0.0295 0.0041 	 0.0289 0.0033 
22 	 0.0043 0.0007 	 0.0112 0.0016 	 0.0089 0.0014 	 0.0138 0.0021 	 0.0275 0.0036 	 0.0276 0.0043 
23 	 0.0041 0.0004 	 0.0109 0.0009 	 0.0094 0.0008 	 0.0136 0.0008 	 0.0293 0.0018 	 0.0291 0.0019 
24 	 0.0042 0.0007 	 0.0109 0.0013 	 0.0090 0.0012 	 0.0136 0.0017 	 0.0277 0.0030 	 0.0279 0.0039 
25 	 0.0043 0.0006 	 0.0110 0.0013 	 0.0088 0.0012 	 0.0135 0.0016 	 0.0273 0.0027 	 0.0275 0.0035 
26 	 0.0043 0.0006 	 0.0112 0.0016 	 0.0096 0.0014 	 0.0141 0.0022 	 0.0300 0.0038 	 0.0297 0.0034 
27 	 0.0044 0.0007 	 0.0114 0.0018 	 0.0093 0.0016 	 0.0141 0.0020 	 0.0293 0.0041 	 0.0292 0.0040 
28 	 0.0042 0.0006 	 0.0105 0.0011 	 0.0088 0.0013 	 0.0132 0.0016 	 0.0265 0.0027 	 0.0265 0.0031 
29 	 0.0043 0.0005 	 0.0111 0.0013 	 0.0090 0.0010 	 0.0138 0.0013 	 0.0290 0.0028 	 0.0290 0.0026 
30 	 0.0041 0.0003 	 0.0107 0.0007 	 0.0086 0.0006 	 0.0133 0.0002 	 0.0278 0.0017 	 0.0275 0.0003 
31 	 0.0044 0.0007 	 0.0113 0.0016 	 0.0094 0.0015 	 0.0142 0.0023 	 0.0297 0.0037 	 0.0297 0.0042 
32 	 0.0043 0.0007 	 0.0112 0.0014 	 0.0091 0.0015 	 0.0139 0.0017 	 0.0293 0.0034 	 0.0291 0.0032 
33 	 0.0042 0.0007 	 0.0109 0.0016 	 0.0090 0.0015 	 0.0136 0.0019 	 0.0279 0.0039 	 0.0276 0.0037 
34 	 0.0042 0.0006 	 0.0108 0.0014 	 0.0091 0.0012 	 0.0135 0.0017 	 0.0278 0.0032 	 0.0278 0.0033 
35 	 0.0043 0.0008 	 0.0111 0.0018 	 0.0092 0.0017 	 0.0136 0.0020 	 0.0274 0.0039 	 0.0273 0.0036 
36 	 0.0040 0.0003 	 0.0104 0.0006 	 0.0091 0.0006 	 0.0129 0.0002 	 0.0276 0.0018 	 0.0271 0.0003 
37 	 0.0043 0.0007 	 0.0111 0.0016 	 0.0091 0.0013 	 0.0138 0.0016 	 0.0291 0.0038 	 0.0288 0.0037 
38 	 0.0043 0.0007 	 0.0107 0.0011 	 0.0089 0.0013 	 0.0137 0.0019 	 0.0277 0.0031 	 0.0278 0.0039 
39 	 0.0041 0.0005 	 0.0106 0.0010 	 0.0089 0.0010 	 0.0134 0.0014 	 0.0276 0.0028 	 0.0275 0.0026 
40 	 0.0042 0.0003 	 0.0111 0.0006 	 0.0092 0.0006 	 0.0139 0.0012 	 0.0301 0.0024 	 0.0300 0.0024 
41 	 0.0043 0.0005 	 0.0112 0.0013 	 0.0092 0.0011 	 0.0137 0.0009 	 0.0292 0.0025 	 0.0290 0.0023 
42 	 0.0042 0.0006 	 0.0110 0.0016 	 0.0091 0.0012 	 0.0137 0.0018 	 0.0282 0.0035 	 0.0283 0.0036 
43 	 0.0042 0.0006 	 0.0112 0.0017 	 0.0093 0.0013 	 0.0137 0.0014 	 0.0295 0.0039 	 0.0288 0.0029 
44 	 0.0044 0.0008 	 0.0113 0.0018 	 0.0095 0.0017 	 0.0142 0.0024 	 0.0299 0.0048 	 0.0294 0.0044 
45 	 0.0041 0.0001 	 0.0106 0.0002 	 0.0090 0.0006 	 0.0134 0.0013 	 0.0275 0.0003 	 0.0275 0.0017 
