Task 	 PA 	 PA_NV 	 PA_SL 	 HetOTL 	 HetOTL_SL 	 OTLHS 
1 	 49.9040 2.1930 	 43.2000 1.8852 	 49.9040 2.1930 	 45.3400 2.0635 	 39.0140 1.6021 	 39.1780 1.7179 
2 	 50.1540 2.2969 	 35.9220 1.5271 	 50.1540 2.2969 	 38.8080 1.8418 	 32.2240 1.5774 	 32.3660 1.6663 
3 	 50.3400 2.2607 	 39.5200 2.0763 	 50.3400 2.2607 	 42.4980 2.0375 	 36.0500 1.6481 	 36.3580 1.7432 
4 	 50.0800 2.0044 	 44.9860 1.9391 	 50.0800 2.0044 	 46.6420 1.9306 	 40.1120 1.7914 	 40.2780 1.8259 
5 	 49.9940 2.1054 	 41.0020 1.7971 	 49.9940 2.1054 	 43.2980 1.8618 	 37.2060 1.7074 	 37.3400 1.7376 
6 	 50.6180 2.3066 	 36.1880 1.6843 	 50.6180 2.3066 	 39.1440 1.6384 	 31.3060 1.4518 	 31.5260 1.5177 
7 	 50.1160 2.3395 	 44.8680 1.9184 	 50.1160 2.3395 	 46.3740 1.9870 	 42.0380 1.6953 	 42.1560 1.7667 
8 	 49.9400 2.0549 	 43.4200 1.7369 	 49.9400 2.0549 	 45.6660 1.8339 	 38.9260 1.8092 	 39.2140 1.7905 
9 	 50.1460 2.0465 	 38.8480 1.6688 	 50.1460 2.0465 	 42.1640 1.8229 	 34.6380 1.5122 	 34.8540 1.5704 
10 	 50.2420 2.2221 	 42.2280 1.8729 	 50.2420 2.2221 	 44.4720 2.0500 	 39.0820 1.7484 	 39.2820 1.7791 
11 	 50.3300 2.3621 	 36.8280 1.4796 	 50.3300 2.3621 	 39.2420 1.8906 	 31.7940 1.5524 	 31.9520 1.5221 
12 	 50.1060 2.1281 	 42.0620 1.9837 	 50.1060 2.1281 	 43.8220 2.2023 	 36.2200 1.4493 	 36.5560 1.4734 
13 	 49.7680 2.2205 	 40.9220 1.6658 	 49.7680 2.2205 	 42.9560 1.9304 	 36.1200 1.3713 	 36.3180 1.4137 
14 	 50.2120 2.0743 	 36.9960 1.6285 	 50.2120 2.0743 	 39.6020 1.7149 	 32.7580 1.6818 	 32.9600 1.6978 
15 	 50.6420 2.4523 	 37.3940 1.5895 	 50.6420 2.4523 	 39.9900 1.8203 	 32.2960 1.6751 	 32.5440 1.6551 
16 	 49.9620 2.5358 	 44.6580 2.1056 	 49.9620 2.5358 	 45.8980 2.1738 	 39.5080 1.5563 	 39.6920 1.5884 
17 	 50.0200 2.1587 	 39.8980 1.8163 	 50.0200 2.1587 	 42.4180 1.8541 	 36.6080 1.7221 	 36.8940 1.7152 
18 	 49.8180 2.5504 	 38.0920 1.6006 	 49.8180 2.5504 	 41.0440 1.7948 	 34.5000 1.7211 	 34.6560 1.7111 
19 	 49.9940 2.2701 	 36.8540 1.7108 	 49.9940 2.2701 	 40.0040 1.8151 	 32.1360 1.7134 	 32.3440 1.6399 
20 	 49.7560 2.1793 	 40.4540 1.8405 	 49.7560 2.1793 	 42.7520 1.9184 	 36.9280 1.8983 	 37.0720 1.8616 
21 	 50.0720 2.0206 	 42.7400 1.7894 	 50.0720 2.0206 	 45.4880 1.9664 	 40.5020 1.6533 	 40.6780 1.7023 
22 	 49.8720 2.2363 	 35.5000 1.6087 	 49.8720 2.2363 	 37.8220 1.7759 	 30.5780 1.5337 	 30.9000 1.5446 
23 	 49.8280 2.1907 	 38.8780 1.9388 	 49.8280 2.1907 	 41.8860 1.9416 	 37.1900 2.0063 	 37.4020 1.9375 
24 	 50.0440 2.3318 	 34.8680 1.7142 	 50.0440 2.3318 	 38.3080 1.7278 	 31.0780 1.6186 	 31.2000 1.6524 
25 	 50.0820 2.0855 	 36.1580 1.5288 	 50.0820 2.0855 	 38.6380 1.7145 	 30.6800 1.3918 	 30.9000 1.4192 
26 	 49.8600 2.1442 	 41.7480 1.9400 	 49.8600 2.1442 	 44.3880 2.0304 	 38.6420 1.8134 	 38.8860 1.7914 
27 	 50.3080 2.0031 	 40.9680 1.7386 	 50.3080 2.0031 	 44.1380 1.9216 	 37.6700 1.9607 	 37.8760 2.0038 
28 	 50.2080 2.4271 	 27.5780 1.5069 	 50.2080 2.4271 	 30.3540 1.5371 	 23.0560 1.1214 	 23.3060 1.1215 
29 	 50.0940 2.3815 	 40.5840 1.6829 	 50.0940 2.3815 	 43.1720 2.0020 	 36.6560 1.6288 	 36.8380 1.6032 
30 	 50.5320 2.0793 	 33.4040 1.6682 	 50.5320 2.0793 	 36.1700 1.9023 	 28.3120 1.4180 	 28.5300 1.5785 
31 	 49.9100 2.2857 	 46.3820 2.0253 	 49.9100 2.2857 	 47.9700 2.0694 	 42.0160 1.7656 	 42.1480 1.7924 
32 	 49.7420 2.4353 	 39.9240 1.8186 	 49.7420 2.4353 	 42.4940 1.9578 	 34.6240 1.7297 	 34.7760 1.7692 
33 	 50.3340 2.0724 	 39.4800 1.6875 	 50.3340 2.0724 	 41.9500 1.6187 	 35.1500 1.6799 	 35.4840 1.7714 
34 	 50.2120 2.2953 	 41.9160 1.8189 	 50.2120 2.2953 	 44.1780 2.1215 	 38.0960 1.9438 	 38.2940 1.8375 
35 	 49.8900 2.5302 	 34.6580 1.6407 	 49.8900 2.5302 	 36.5500 1.6874 	 29.7000 1.5076 	 29.9500 1.5267 
36 	 50.5320 2.2322 	 36.9040 1.6299 	 50.5320 2.2322 	 39.5760 1.7959 	 34.7000 1.6001 	 34.9060 1.5399 
37 	 50.2140 2.1349 	 39.7000 1.7123 	 50.2140 2.1349 	 42.7800 1.7826 	 35.5440 1.6517 	 35.7000 1.7360 
38 	 50.4880 2.5947 	 35.1320 1.4741 	 50.4880 2.5947 	 37.6980 1.7227 	 30.7400 1.6180 	 30.9700 1.5968 
39 	 50.2160 2.1781 	 39.9580 1.6763 	 50.2160 2.1781 	 43.2260 1.7372 	 36.7740 1.5247 	 36.9620 1.5768 
40 	 50.2960 2.3537 	 47.9260 1.9392 	 50.2960 2.3537 	 48.6780 2.1373 	 43.7200 1.7449 	 43.9880 1.8228 
41 	 50.2760 2.1227 	 39.5600 1.7389 	 50.2760 2.1227 	 42.5820 1.7600 	 34.5980 1.6895 	 34.7960 1.7378 
42 	 49.9880 1.8569 	 36.8940 1.6403 	 49.9880 1.8569 	 40.5300 1.7540 	 33.8980 1.5862 	 34.0660 1.6015 
43 	 50.1100 2.3578 	 40.6700 2.0315 	 50.1100 2.3578 	 43.7760 2.1358 	 37.0640 1.6070 	 37.2860 1.6269 
44 	 50.1220 2.2865 	 39.5360 1.7677 	 50.1220 2.2865 	 42.1880 1.9886 	 35.1060 1.5628 	 35.3120 1.5259 
45 	 50.2020 2.1730 	 40.5880 1.9951 	 50.2020 2.1730 	 43.7040 2.0931 	 37.5180 1.6959 	 37.6940 1.6991 
