Task 	 PA 	 PA_NV 	 PA_SL 	 HetOTL 	 HetOTL_SL 	 OTLHS 
1 	 76.3880 2.1232 	 77.6700 2.1334 	 97.3420 1.0349 	 154.2000 4.5239 	 258.0880 5.1126 	 258.6080 4.8932 
2 	 71.5100 2.2945 	 73.0640 1.8131 	 96.7320 1.1160 	 148.5800 3.9111 	 256.5400 4.1962 	 257.0120 4.3657 
3 	 73.2700 2.1775 	 76.8260 1.9601 	 97.1400 0.9738 	 154.2520 3.8005 	 248.5560 4.5165 	 248.9640 4.3202 
4 	 76.1200 2.0697 	 79.4080 1.8111 	 97.3380 1.0001 	 157.0640 3.8448 	 263.8040 4.6656 	 264.2880 4.7499 
5 	 72.7060 2.2521 	 76.9880 1.8306 	 97.0500 1.1121 	 153.7880 3.8356 	 259.5120 4.6650 	 260.2240 4.4789 
6 	 73.0080 1.8948 	 72.9240 1.7400 	 97.0920 1.0676 	 147.9080 3.0494 	 243.9200 4.4364 	 244.7840 4.3335 
7 	 72.3640 2.2785 	 80.6120 1.7516 	 97.6700 1.0180 	 159.4680 3.7103 	 288.7160 4.3195 	 288.6480 4.2327 
8 	 74.1360 1.8041 	 79.7280 1.7495 	 97.4460 1.0621 	 156.6680 3.9192 	 279.6320 4.4848 	 279.5600 4.4754 
9 	 73.5080 2.2132 	 76.1220 1.9307 	 97.1620 1.0927 	 153.0600 3.9280 	 255.0360 4.5490 	 255.8640 4.5184 
10 	 75.7720 2.3040 	 77.0300 1.8338 	 97.3080 0.9878 	 154.9760 3.7135 	 259.7800 4.4569 	 260.3520 4.6143 
11 	 73.2540 2.2127 	 74.2460 1.6312 	 96.9080 1.1835 	 150.1840 3.7637 	 249.2040 5.0107 	 249.6800 5.3057 
12 	 75.8680 2.1447 	 78.5060 1.9454 	 97.6040 0.8461 	 154.6880 4.1488 	 260.2560 4.7586 	 261.0160 4.8630 
13 	 74.4560 1.9746 	 79.3540 1.7940 	 97.5400 1.2321 	 157.1000 3.7153 	 264.8960 4.9046 	 265.2280 4.8812 
14 	 71.4200 2.1816 	 74.5420 2.0196 	 96.9240 1.0745 	 152.3840 3.6074 	 257.6320 5.2977 	 258.1360 5.2651 
15 	 73.0860 2.3361 	 75.2280 2.0275 	 97.0220 1.2482 	 152.3560 3.8142 	 255.8360 4.3943 	 256.2920 4.5461 
16 	 75.5480 2.4672 	 80.6400 1.9322 	 97.3700 1.0535 	 157.6760 3.9248 	 267.2400 4.8830 	 267.3240 4.8258 
17 	 74.1940 2.1551 	 76.6020 2.0342 	 97.7120 1.0227 	 155.3720 3.8924 	 269.4120 4.4754 	 269.5680 4.7201 
18 	 73.8980 2.1950 	 75.8880 1.7806 	 97.1760 1.1453 	 154.1560 3.8023 	 258.3760 4.4870 	 258.4360 4.2841 
19 	 72.3640 2.1598 	 74.5940 1.8516 	 96.9380 1.1853 	 150.7480 3.8680 	 241.6800 4.5883 	 242.1040 4.8454 
20 	 74.2180 2.3591 	 77.2900 1.9017 	 97.1120 1.0974 	 154.1120 3.9328 	 260.5480 4.6542 	 261.0520 4.3739 
21 	 72.8400 1.8755 	 80.9540 1.5977 	 97.6780 0.9564 	 160.0320 3.4342 	 287.9920 4.8409 	 288.1040 4.9677 
22 	 75.0060 2.1871 	 75.2520 1.7808 	 97.1720 1.0234 	 149.3000 3.8221 	 232.9840 4.8813 	 234.1440 4.8297 
23 	 71.3300 2.1547 	 77.7560 1.7036 	 97.6740 0.9825 	 155.8960 3.6180 	 283.5720 4.8226 	 283.1600 4.6953 
24 	 72.3820 2.3457 	 75.3360 1.7809 	 96.9700 1.2991 	 151.9680 3.6211 	 252.7880 4.9271 	 252.9160 4.8835 
25 	 74.1420 1.9705 	 75.4780 1.8865 	 97.0520 1.0307 	 150.0480 3.5479 	 245.0040 5.1393 	 246.1800 5.1255 
26 	 74.3280 2.2660 	 80.4040 1.7380 	 97.8380 1.0085 	 159.4360 3.6289 	 286.2240 3.6978 	 286.0760 3.5508 
27 	 75.2400 2.0335 	 81.0080 1.4653 	 97.7320 0.9472 	 160.6040 3.1013 	 275.7560 3.9935 	 275.9520 4.1648 
28 	 71.9120 2.1603 	 66.1100 1.9826 	 96.5520 1.0977 	 137.6760 4.1832 	 216.4160 5.8551 	 217.2280 5.7265 
29 	 73.1220 2.3680 	 77.5500 1.8096 	 97.4560 1.1537 	 155.6280 3.7026 	 263.9120 5.0528 	 264.2640 5.2198 
30 	 72.1820 2.1352 	 72.3920 1.7272 	 97.0100 1.0365 	 148.9640 3.5728 	 241.7480 5.2646 	 242.7240 5.5006 
31 	 75.7420 2.0874 	 80.9360 1.8001 	 97.7040 0.9125 	 157.7760 3.5815 	 283.1840 4.6737 	 283.0000 4.6343 
32 	 72.8300 2.4799 	 77.2400 1.9240 	 97.1080 1.1283 	 154.3480 3.9437 	 259.8960 4.3468 	 260.1040 4.5350 
33 	 74.4240 2.2326 	 75.8340 2.0287 	 97.1860 1.0766 	 153.3400 4.0459 	 254.4360 5.0988 	 255.2720 5.2436 
34 	 73.3500 2.1515 	 78.0120 1.8789 	 97.4520 1.1911 	 156.4760 3.4819 	 272.8200 4.9356 	 273.5480 5.2190 
35 	 74.0900 2.4815 	 71.4180 1.9330 	 97.2040 1.1353 	 145.8200 4.0291 	 229.4960 4.9380 	 229.9320 5.1225 
36 	 72.1260 2.2308 	 72.9880 1.7895 	 97.7980 0.9077 	 150.0560 3.6700 	 275.3160 4.5943 	 275.3280 4.3346 
37 	 72.9060 2.2185 	 76.2000 2.0615 	 97.3200 0.9636 	 154.5480 3.6975 	 261.4680 4.6883 	 261.8080 4.7197 
38 	 74.6420 2.3697 	 72.9620 1.8973 	 97.3780 1.0382 	 147.6680 4.3800 	 241.4000 4.6719 	 242.0280 4.7309 
39 	 74.0400 2.0457 	 76.8980 1.7804 	 97.3900 1.0136 	 154.1240 3.4267 	 262.3080 4.6051 	 262.6040 4.3746 
40 	 73.2120 2.3551 	 83.7000 1.4235 	 98.0240 0.8900 	 162.8640 3.0467 	 294.8120 4.6915 	 294.1960 4.7735 
41 	 74.7760 2.1176 	 78.5300 1.7159 	 97.6320 1.0276 	 153.9960 3.7166 	 263.0480 4.5082 	 263.6760 4.4711 
42 	 71.7180 2.0566 	 76.3040 1.6197 	 96.9700 1.0645 	 154.5600 3.3092 	 267.9480 4.4996 	 268.2520 4.4089 
43 	 72.7180 2.2864 	 79.0580 1.7708 	 97.7420 0.9404 	 156.8960 3.6231 	 281.2480 4.5484 	 281.8960 4.3783 
44 	 74.4800 2.1576 	 77.9420 1.6089 	 97.6420 1.0841 	 154.9360 3.7589 	 270.6120 5.2498 	 271.0120 5.3946 
45 	 74.3080 2.2530 	 78.2360 1.6912 	 97.6980 1.0687 	 156.8800 3.6266 	 274.5520 4.9147 	 274.4320 5.0707 
