Task 	 PA 	 PA_NV 	 PA_SL 	 HetOTL 	 HetOTL_SL 	 OTLHS 
1 	 37.8300 1.6422 	 49.9040 2.1930 	 37.4480 1.6529 	 44.8580 1.8639 	 41.1880 2.0211 	 41.2500 2.0488 
2 	 27.5600 1.2937 	 50.1540 2.2969 	 26.4780 1.2090 	 32.7360 1.3961 	 29.0360 1.5514 	 29.4000 1.5531 
3 	 38.2820 1.8077 	 50.3400 2.2607 	 37.4260 1.6217 	 43.5140 2.1487 	 39.0900 1.8289 	 39.1840 1.9265 
4 	 41.6700 1.7402 	 50.0800 2.0044 	 41.1780 1.6614 	 46.9680 2.1790 	 43.7160 1.6940 	 43.8060 1.7444 
5 	 32.7200 1.5106 	 49.9940 2.1054 	 31.5800 1.3228 	 38.2160 1.7405 	 35.3200 1.7900 	 35.4980 1.8443 
6 	 30.8020 1.4336 	 50.6180 2.3066 	 29.9120 1.2155 	 37.2660 1.6822 	 33.4300 1.8276 	 33.5760 1.7855 
7 	 40.0800 1.8344 	 50.1160 2.3395 	 38.5960 1.5640 	 43.2780 1.9126 	 42.9040 2.0192 	 43.1940 2.0369 
8 	 42.8920 2.0071 	 49.9400 2.0549 	 41.5420 1.8123 	 46.2540 2.0425 	 43.3960 1.9897 	 43.5740 2.0072 
9 	 33.1300 1.4876 	 50.1460 2.0465 	 31.8620 1.4622 	 39.3900 1.6715 	 34.6960 1.9398 	 34.7600 1.8935 
10 	 39.9160 1.8574 	 50.2420 2.2221 	 39.2900 1.6104 	 45.7500 1.8947 	 42.4680 2.1625 	 42.6080 2.1896 
11 	 30.7380 1.4855 	 50.3300 2.3621 	 29.8260 1.4435 	 37.0000 1.7235 	 33.7760 1.9855 	 33.8860 1.9327 
12 	 41.7140 1.9036 	 50.1060 2.1281 	 41.3220 1.7498 	 46.9420 2.0097 	 45.1560 2.1363 	 45.1680 2.1628 
13 	 31.0260 1.5212 	 49.7680 2.2205 	 30.5380 1.4410 	 39.0340 1.8959 	 34.8140 1.8617 	 34.9240 1.8731 
14 	 29.9400 1.3652 	 50.2120 2.0743 	 28.8760 1.3844 	 35.2760 1.5768 	 31.1260 1.7337 	 31.2860 1.7320 
15 	 35.2060 1.6919 	 50.6420 2.4523 	 34.5760 1.3994 	 41.9420 1.8654 	 37.5020 1.9898 	 37.6740 2.0397 
16 	 41.2500 1.8500 	 49.9620 2.5358 	 40.5540 1.7875 	 45.9300 2.2073 	 43.6140 1.9000 	 43.7080 1.8949 
17 	 32.7180 1.4056 	 50.0200 2.1587 	 32.1200 1.4242 	 40.5060 1.5946 	 36.9960 1.8401 	 37.1440 1.8445 
18 	 30.7460 1.5492 	 49.8180 2.5504 	 30.1940 1.4479 	 38.1520 1.8004 	 33.0480 1.7073 	 33.1660 1.7254 
19 	 30.3200 1.4553 	 49.9940 2.2701 	 29.8100 1.2925 	 37.4420 1.6647 	 34.5520 1.8506 	 34.6980 1.8470 
20 	 34.3780 1.4469 	 49.7560 2.1793 	 33.8280 1.4461 	 40.9440 1.7823 	 36.8400 2.1090 	 36.9500 2.0566 
21 	 35.4500 1.5563 	 50.0720 2.0206 	 34.6040 1.4139 	 41.2480 1.9255 	 41.8940 1.6484 	 42.0560 1.6966 
22 	 28.8300 1.3793 	 49.8720 2.2363 	 28.4480 1.2902 	 37.4640 1.6954 	 33.9080 1.8836 	 34.0260 1.8793 
23 	 31.2300 1.3988 	 49.8280 2.1907 	 29.7200 1.3556 	 35.5060 1.7587 	 36.1940 1.7806 	 36.4740 1.7117 
24 	 32.1240 1.5489 	 50.0440 2.3318 	 31.0360 1.4398 	 38.1600 1.8385 	 35.7560 1.7088 	 35.8500 1.7397 
25 	 26.7080 1.1555 	 50.0820 2.0855 	 25.9140 1.2489 	 34.8440 1.4483 	 30.0400 1.5622 	 30.1820 1.5471 
26 	 38.0100 1.5859 	 49.8600 2.1442 	 37.1160 1.4606 	 43.3300 1.9371 	 39.7840 2.0457 	 39.9700 2.0635 
27 	 33.5320 1.6278 	 50.3080 2.0031 	 32.8760 1.4035 	 41.7880 1.6042 	 38.2500 2.0733 	 38.3200 2.0556 
28 	 24.8180 1.3892 	 50.2080 2.4271 	 23.8140 1.2261 	 30.7300 1.5793 	 27.3360 1.5426 	 27.5920 1.5559 
29 	 41.8860 1.7591 	 50.0940 2.3815 	 40.9140 1.9159 	 45.9680 2.2545 	 41.3540 1.9717 	 41.5500 1.9562 
30 	 26.5680 1.4704 	 50.5320 2.0793 	 25.5120 1.4025 	 32.1340 1.6141 	 29.6940 1.6737 	 30.0800 1.6834 
31 	 45.4900 2.0415 	 49.9100 2.2857 	 45.0520 2.0421 	 48.3840 2.2507 	 46.3740 2.2176 	 46.4280 2.2140 
32 	 34.7660 1.6038 	 49.7420 2.4353 	 33.8280 1.5534 	 40.3100 1.8243 	 37.8700 1.6722 	 38.0340 1.7277 
33 	 31.9740 1.5798 	 50.3340 2.0724 	 31.3100 1.4723 	 40.2860 1.7591 	 37.6820 2.0012 	 37.7740 2.0092 
34 	 37.6620 1.6862 	 50.2120 2.2953 	 36.6300 1.5915 	 42.5240 1.8722 	 41.3200 2.1400 	 41.5880 2.1074 
35 	 26.7340 1.3086 	 49.8900 2.5302 	 26.4160 1.2661 	 35.3440 1.8311 	 33.2280 1.8788 	 33.2600 1.8992 
36 	 32.2180 1.4259 	 50.5320 2.2322 	 30.3940 1.4471 	 35.9140 1.7602 	 35.3380 2.0518 	 35.8180 2.1288 
37 	 39.0520 1.8739 	 50.2140 2.1349 	 37.8460 1.6573 	 43.3520 1.9139 	 41.1940 1.9138 	 41.3180 1.8801 
38 	 27.7760 1.4873 	 50.4880 2.5947 	 27.2080 1.4677 	 36.5080 1.7276 	 33.1240 1.8195 	 33.2820 1.8229 
39 	 30.9240 1.5410 	 50.2160 2.1781 	 29.8920 1.3823 	 38.0400 1.6213 	 34.6440 1.7783 	 34.7300 1.7469 
40 	 43.6700 1.8568 	 50.2960 2.3537 	 42.5700 1.8000 	 46.9860 2.1874 	 45.9860 2.3835 	 46.0980 2.4011 
41 	 32.0400 1.5098 	 50.2760 2.1227 	 31.2200 1.5236 	 39.4040 1.5029 	 35.7020 1.7367 	 35.7600 1.6624 
42 	 29.7740 1.4090 	 49.9880 1.8569 	 28.1980 1.2402 	 34.3520 1.4185 	 32.5880 1.6831 	 32.8760 1.6563 
43 	 35.7700 1.4097 	 50.1100 2.3578 	 34.3680 1.3665 	 40.3540 1.7463 	 38.4900 1.8083 	 38.6980 1.8170 
44 	 31.3100 1.5270 	 50.1220 2.2865 	 30.2220 1.4007 	 38.1160 1.7776 	 34.0060 1.8094 	 34.3400 1.7187 
45 	 33.2760 1.6065 	 50.2020 2.1730 	 32.3460 1.5274 	 39.8140 1.8302 	 37.1980 1.8555 	 37.3220 1.9039 
