Task 	 PA 	 PA_NV 	 PA_SL 	 HetOTL 	 HetOTL_SL 	 OTLHS 
1 	 84.7820 1.5565 	 72.5900 2.3300 	 91.9600 1.1466 	 165.5360 3.7258 	 318.9800 4.8604 	 318.5640 4.8091 
2 	 70.9400 1.8378 	 72.7560 2.1938 	 78.1920 1.6539 	 142.6200 3.7339 	 267.4320 4.9532 	 267.4160 4.9336 
3 	 82.4800 1.6146 	 73.5560 2.2865 	 89.5060 1.4342 	 159.1720 3.9077 	 303.7400 4.5005 	 303.3280 4.5212 
4 	 86.6420 1.4040 	 73.4680 2.1704 	 93.3240 1.1086 	 166.9640 3.3794 	 313.2520 4.7708 	 312.8360 4.6178 
5 	 76.7180 1.7709 	 73.1600 2.2617 	 84.2740 1.6648 	 152.5320 3.9118 	 297.1200 4.9381 	 296.8560 5.0051 
6 	 75.3120 1.5803 	 73.5900 2.0590 	 83.0140 1.3631 	 151.3880 3.2958 	 290.6520 4.4443 	 290.3440 4.3201 
7 	 78.5900 1.9110 	 74.3080 2.0956 	 86.6160 1.6812 	 152.8200 4.0515 	 304.0240 4.7464 	 303.1760 4.8718 
8 	 81.6500 1.6979 	 73.2140 2.1201 	 89.6520 1.4762 	 158.2120 3.6152 	 308.0800 4.4806 	 307.1120 4.5807 
9 	 77.1740 1.7734 	 73.4580 1.9197 	 84.7280 1.6112 	 154.0080 4.0574 	 284.4960 4.9983 	 284.4040 4.9054 
10 	 84.3820 1.4986 	 73.0080 2.1537 	 91.3920 1.2690 	 164.2360 3.8502 	 317.6280 4.3067 	 317.1120 4.3654 
11 	 75.3720 1.7051 	 72.8340 2.2713 	 82.9420 1.5790 	 151.7400 3.9061 	 287.2400 4.9484 	 287.1520 5.0045 
12 	 86.5260 1.5514 	 73.1900 2.1711 	 93.2400 1.1892 	 166.6240 3.6543 	 323.8800 4.7511 	 323.2600 4.5909 
13 	 78.3940 1.8945 	 72.8420 2.3065 	 86.3200 1.6335 	 157.7160 3.7365 	 294.3320 4.2739 	 294.1320 4.2477 
14 	 73.0760 1.7544 	 72.8940 2.4580 	 80.5720 1.7741 	 144.6160 3.7288 	 280.2920 5.1945 	 280.2400 5.3224 
15 	 80.6480 1.6875 	 73.0220 2.4126 	 88.2200 1.5185 	 157.3000 4.4234 	 311.4400 4.4404 	 311.1840 4.5040 
16 	 85.0560 1.4177 	 73.2320 2.1175 	 91.8800 1.2027 	 164.7160 3.6838 	 314.8840 5.0209 	 314.5000 5.1541 
17 	 79.3460 1.6068 	 72.8520 2.1995 	 87.1180 1.4160 	 158.4760 3.7453 	 301.9520 3.9069 	 301.8160 3.9836 
18 	 77.3060 1.7633 	 73.2420 2.2456 	 84.8380 1.6225 	 155.0840 3.7369 	 288.8120 4.5782 	 288.9040 4.4999 
19 	 76.9460 1.6428 	 73.2460 2.0788 	 84.6580 1.4837 	 153.2640 3.4786 	 289.0680 5.0231 	 288.7560 4.9279 
20 	 80.3620 1.5371 	 73.1500 2.2877 	 87.5240 1.2989 	 159.0080 3.8725 	 300.0000 4.8114 	 299.7520 4.8701 
21 	 79.7680 1.4920 	 74.4080 2.0455 	 87.6340 1.4068 	 156.8680 3.4732 	 309.2400 4.6207 	 308.5960 4.5771 
22 	 77.4020 1.4277 	 73.2900 2.2653 	 85.3360 1.2639 	 157.7160 3.6236 	 294.7200 4.5607 	 294.3960 4.5937 
23 	 72.9160 1.8242 	 73.8580 2.0676 	 80.3300 1.6712 	 143.6560 3.6533 	 288.2360 5.1295 	 287.8600 5.1700 
24 	 76.2780 1.4999 	 73.2300 2.1368 	 83.9820 1.3915 	 151.6360 3.5043 	 295.2920 4.2293 	 295.0840 4.1977 
25 	 74.2400 1.6025 	 72.9140 1.8509 	 82.1660 1.4270 	 153.0520 3.3198 	 284.1640 4.2803 	 284.2880 4.3903 
26 	 81.7460 1.7974 	 73.3920 2.0810 	 89.1300 1.4132 	 160.4000 3.8786 	 303.1040 4.8155 	 302.5400 4.9711 
27 	 80.8360 1.5963 	 74.0920 2.0438 	 88.8120 1.4207 	 161.2920 3.6910 	 303.6600 4.8287 	 303.3680 4.8689 
28 	 68.4040 1.5642 	 72.5340 2.4025 	 75.9380 1.5170 	 140.0720 3.6807 	 269.3760 4.5005 	 269.5960 4.6677 
29 	 81.3660 1.8927 	 73.2120 2.1896 	 89.8680 1.7222 	 157.6640 4.5443 	 303.8840 4.9142 	 303.1840 5.0896 
30 	 68.3620 1.7206 	 73.4340 2.0740 	 76.1840 1.5574 	 140.6160 3.4813 	 274.4640 4.5057 	 275.2520 4.6535 
31 	 88.1620 1.5009 	 74.4800 2.2470 	 94.1220 1.1644 	 167.6600 3.6330 	 328.2880 3.9361 	 327.6680 4.0582 
32 	 78.4760 1.7555 	 73.4040 2.3261 	 86.0620 1.5875 	 154.8880 4.1889 	 302.1960 4.7978 	 301.7280 4.9856 
33 	 79.6960 1.6252 	 72.7280 2.2261 	 87.3460 1.1895 	 159.1640 4.0025 	 300.3440 4.5454 	 299.9280 4.5633 
34 	 79.6220 1.6458 	 72.8880 2.2959 	 87.1760 1.4381 	 156.4800 3.7454 	 303.3600 4.1076 	 302.8080 4.1519 
35 	 75.6900 1.6606 	 72.4220 2.5614 	 83.8200 1.5831 	 154.8560 4.0871 	 291.5240 4.6473 	 291.4480 4.5592 
36 	 71.9080 1.9847 	 71.3160 2.1922 	 79.1100 1.6474 	 143.6880 4.0452 	 276.8760 4.7450 	 276.8800 4.8632 
37 	 80.2060 1.6449 	 72.8620 2.0900 	 88.2320 1.3922 	 156.3920 3.6616 	 309.1760 4.7604 	 308.6480 4.6505 
38 	 75.7360 1.5883 	 72.6340 2.5875 	 83.9740 1.3817 	 155.1480 3.8005 	 291.9920 4.0181 	 291.8040 4.0336 
39 	 77.5560 1.6304 	 73.4840 1.9625 	 84.9240 1.3715 	 155.2520 3.8483 	 289.1200 4.9289 	 289.0320 4.8752 
40 	 84.2840 1.8084 	 74.9360 1.9252 	 91.4260 1.4101 	 160.7560 3.9483 	 312.2520 4.8475 	 311.3960 4.9008 
41 	 78.5180 1.7914 	 74.4280 2.2441 	 85.9700 1.3988 	 156.9960 3.9990 	 291.7080 4.8950 	 291.4640 4.7377 
42 	 71.0200 1.6545 	 73.9960 2.0457 	 78.2800 1.7151 	 142.6760 3.5974 	 273.4880 4.7343 	 273.7320 4.7703 
43 	 77.5960 1.7997 	 74.6280 2.1282 	 84.8320 1.3417 	 152.5520 3.6198 	 296.4600 3.7949 	 296.0440 3.7789 
44 	 77.0380 1.7204 	 74.4000 2.2554 	 84.2740 1.5685 	 154.8600 3.5706 	 287.0640 4.3848 	 287.5800 4.4594 
45 	 77.6060 1.5022 	 73.1980 2.0188 	 85.3160 1.2643 	 155.8000 3.6237 	 295.7480 5.2668 	 295.3280 5.2511 
