Task 	 PA 	 PA_NV 	 PA_SL 	 HetOTL 	 HetOTL_SL 	 OTLHS 
1 	 42.5340 2.1368 	 43.2000 1.8852 	 42.5480 2.1146 	 41.4900 1.7402 	 36.9260 1.4933 	 36.9340 1.4956 
2 	 28.0320 1.5022 	 35.9220 1.5271 	 27.9900 1.4821 	 33.3780 1.3384 	 29.0700 1.2935 	 29.0680 1.2950 
3 	 36.0440 1.9591 	 39.5200 2.0763 	 36.0480 1.9617 	 37.0740 1.5732 	 32.7600 1.2266 	 32.7500 1.2324 
4 	 41.6520 1.7213 	 44.9860 1.9391 	 41.6360 1.7116 	 43.5520 1.7482 	 38.0380 1.5860 	 38.0840 1.5451 
5 	 34.7160 1.6407 	 41.0020 1.7971 	 34.7060 1.6249 	 38.8980 1.4960 	 34.1200 1.3780 	 34.1440 1.3769 
6 	 34.1980 1.7152 	 36.1880 1.6843 	 34.2300 1.7140 	 33.6360 1.4703 	 28.6140 1.2518 	 28.6380 1.2455 
7 	 40.3400 1.8152 	 44.8680 1.9184 	 40.3080 1.8136 	 43.1920 1.7718 	 39.3900 1.5749 	 39.3820 1.5694 
8 	 43.1500 1.8013 	 43.4200 1.7369 	 43.1780 1.7668 	 41.6980 1.6042 	 36.4840 1.6031 	 36.4640 1.5799 
9 	 35.0620 1.5834 	 38.8480 1.6688 	 34.9540 1.5997 	 36.7560 1.3450 	 31.4140 1.3410 	 31.4300 1.3292 
10 	 40.9260 1.7702 	 42.2280 1.8729 	 40.9380 1.7797 	 40.6440 1.7532 	 36.9080 1.5519 	 36.9400 1.5641 
11 	 32.6180 1.6641 	 36.8280 1.4796 	 32.6100 1.6681 	 33.9440 1.3526 	 28.6040 1.1547 	 28.6040 1.1519 
12 	 44.1060 1.8786 	 42.0620 1.9837 	 44.1040 1.8885 	 39.8840 1.6789 	 33.9740 1.2892 	 33.9700 1.2991 
13 	 34.0900 1.8421 	 40.9220 1.6658 	 34.0860 1.8515 	 38.2620 1.3665 	 33.2520 1.2542 	 33.2520 1.2645 
14 	 28.6340 1.6436 	 36.9960 1.6285 	 28.6280 1.6515 	 34.1600 1.4517 	 29.1620 1.2442 	 29.1820 1.2553 
15 	 34.8000 1.7768 	 37.3940 1.5895 	 34.7540 1.7872 	 34.5540 1.3330 	 29.5920 1.1915 	 29.6120 1.1813 
16 	 44.0440 2.1879 	 44.6580 2.1056 	 44.0360 2.1745 	 43.0080 1.7340 	 37.5040 1.2692 	 37.4920 1.2647 
17 	 36.7120 1.9220 	 39.8980 1.8163 	 36.6300 1.9364 	 38.0420 1.7009 	 33.4480 1.3221 	 33.4480 1.3343 
18 	 33.0140 2.1810 	 38.0920 1.6006 	 32.9880 2.1820 	 35.9600 1.5090 	 31.3760 1.2460 	 31.3900 1.2580 
19 	 34.5620 2.1171 	 36.8540 1.7108 	 34.5480 2.0983 	 34.0200 1.4362 	 28.6800 1.3224 	 28.7100 1.3105 
20 	 40.2840 1.8287 	 40.4540 1.8405 	 40.3000 1.8351 	 38.6200 1.7024 	 34.3620 1.4887 	 34.3700 1.4989 
21 	 39.1360 2.0259 	 42.7400 1.7894 	 39.1300 1.9595 	 41.5860 1.7939 	 37.8760 1.4993 	 37.8960 1.4892 
22 	 33.8540 1.6075 	 35.5000 1.6087 	 33.8700 1.6117 	 32.4800 1.4030 	 27.4540 1.2591 	 27.4600 1.2496 
23 	 31.6100 1.7159 	 38.8780 1.9388 	 31.5780 1.6925 	 36.7760 1.4515 	 33.0440 1.3974 	 33.0560 1.4222 
24 	 36.2500 2.5714 	 34.8680 1.7142 	 36.2380 2.6083 	 32.0680 1.4859 	 27.6980 1.1784 	 27.7080 1.1670 
25 	 30.1720 1.6113 	 36.1580 1.5288 	 30.1520 1.5922 	 33.2520 1.1733 	 27.7460 1.0659 	 27.7420 1.0645 
26 	 38.8020 2.0355 	 41.7480 1.9400 	 38.8420 2.0303 	 39.7140 1.7593 	 35.1280 1.4384 	 35.1300 1.4308 
27 	 36.2020 1.8689 	 40.9680 1.7386 	 36.2560 1.8626 	 39.2820 1.7533 	 34.8960 1.4679 	 34.9120 1.4524 
28 	 28.6000 1.6416 	 27.5780 1.5069 	 28.5980 1.6247 	 24.2800 1.0572 	 20.0700 0.9733 	 20.0780 0.9777 
29 	 41.4880 1.7441 	 40.5840 1.6829 	 41.5540 1.7110 	 38.4880 1.4025 	 33.8160 1.5033 	 33.8200 1.4862 
30 	 28.7820 1.7757 	 33.4040 1.6682 	 28.7180 1.7677 	 29.8900 1.4325 	 25.2320 1.1689 	 25.2500 1.1576 
31 	 44.3640 1.8472 	 46.3820 2.0253 	 44.3300 1.8360 	 45.1300 1.9362 	 39.8420 1.7163 	 39.8760 1.7286 
32 	 35.5500 1.8574 	 39.9240 1.8186 	 35.4500 1.8496 	 37.4900 1.5067 	 31.3220 1.3938 	 31.3260 1.3948 
33 	 35.0780 2.1901 	 39.4800 1.6875 	 35.0700 2.1693 	 36.7180 1.4626 	 31.8720 1.1951 	 31.8980 1.1900 
34 	 40.5360 2.0839 	 41.9160 1.8189 	 40.5120 2.0670 	 39.9740 1.8226 	 35.7520 1.3787 	 35.7940 1.3622 
35 	 34.0300 1.8502 	 34.6580 1.6407 	 34.0300 1.8500 	 31.8520 1.1812 	 26.9640 1.0993 	 26.9880 1.1057 
36 	 32.6520 1.6740 	 36.9040 1.6299 	 32.6380 1.6648 	 34.6200 1.3038 	 30.7360 1.2400 	 30.7700 1.2493 
37 	 39.1080 1.8078 	 39.7000 1.7123 	 39.1560 1.7860 	 38.0980 1.4513 	 33.4740 1.4303 	 33.4580 1.4174 
38 	 35.4020 1.6132 	 35.1320 1.4741 	 35.3800 1.6077 	 32.0220 1.3220 	 27.2000 1.2270 	 27.2140 1.2339 
39 	 33.6140 2.0167 	 39.9580 1.6763 	 33.6080 2.0259 	 38.0200 1.7309 	 33.5160 1.3990 	 33.5180 1.3857 
40 	 42.9040 1.7910 	 47.9260 1.9392 	 42.8840 1.7952 	 46.7160 1.7742 	 42.3120 1.4843 	 42.3220 1.4547 
41 	 33.9660 1.8552 	 39.5600 1.7389 	 33.9720 1.8374 	 37.7320 1.4534 	 31.9700 1.3395 	 31.9680 1.3408 
42 	 31.3520 1.7723 	 36.8940 1.6403 	 31.4120 1.7654 	 34.6440 1.6034 	 30.2780 1.2942 	 30.2780 1.3070 
43 	 39.4320 2.1692 	 40.6700 2.0315 	 39.4760 2.1327 	 38.7700 1.6358 	 33.3060 1.4339 	 33.3280 1.4263 
44 	 34.3640 1.9306 	 39.5360 1.7677 	 34.3600 1.9497 	 37.2120 1.4408 	 31.8920 1.3619 	 31.9020 1.3732 
45 	 36.3580 2.1056 	 40.5880 1.9951 	 36.3560 2.0848 	 38.6920 1.6823 	 33.8540 1.3522 	 33.8600 1.3428 
