Task 	 PA 	 PA_NV 	 PA_SL 	 HetOTL 	 HetOTL_SL 	 OTLHS 
1 	 100.0000 0.0000 	 77.6700 2.1334 	 100.0000 0.0000 	 188.4960 2.5824 	 310.7160 5.0495 	 311.0600 5.1106 
2 	 99.7500 0.1432 	 73.0640 1.8131 	 99.8700 0.1314 	 179.9400 3.0022 	 309.1200 5.0746 	 309.3640 5.1662 
3 	 99.9900 0.0438 	 76.8260 1.9601 	 100.0000 0.0000 	 185.8440 2.7507 	 300.5280 4.8395 	 300.8920 4.8933 
4 	 100.0000 0.0000 	 79.4080 1.8111 	 100.0000 0.0000 	 189.5320 2.1990 	 314.8280 4.5700 	 315.2400 4.5182 
5 	 99.4960 0.1517 	 76.9880 1.8306 	 99.5540 0.1473 	 184.9400 2.5643 	 310.9280 5.1025 	 311.2440 5.0806 
6 	 99.3800 0.1518 	 72.9240 1.7400 	 99.4720 0.1319 	 177.3400 2.5063 	 294.6680 4.9296 	 294.9600 4.9876 
7 	 99.8620 0.1625 	 80.6120 1.7516 	 99.9360 0.1097 	 189.3960 1.9772 	 343.8320 4.1473 	 343.9800 4.1321 
8 	 99.9220 0.1060 	 79.7280 1.7495 	 99.9780 0.0629 	 189.3040 2.3328 	 330.8880 4.6215 	 331.0160 4.6035 
9 	 99.8520 0.1467 	 76.1220 1.9307 	 99.8840 0.1339 	 183.7720 2.7603 	 306.0840 4.8878 	 306.4200 5.0129 
10 	 100.0000 0.0000 	 77.0300 1.8338 	 100.0000 0.0000 	 185.7400 2.4103 	 308.4520 4.3798 	 308.8040 4.4602 
11 	 99.4820 0.1452 	 74.2460 1.6312 	 99.5520 0.1306 	 180.9200 2.4948 	 299.7360 5.0683 	 299.9520 5.0951 
12 	 100.0000 0.0000 	 78.5060 1.9454 	 100.0000 0.0000 	 187.1720 2.5140 	 321.3480 5.2548 	 321.6960 5.1715 
13 	 99.9660 0.0755 	 79.3540 1.7940 	 99.9920 0.0394 	 187.7960 2.6469 	 320.4720 5.1188 	 320.6000 5.0659 
14 	 99.8300 0.1345 	 74.5420 2.0196 	 99.8980 0.1119 	 182.9600 2.8518 	 305.3680 4.3093 	 305.5240 4.3739 
15 	 100.0000 0.0000 	 75.2280 2.0275 	 100.0000 0.0000 	 183.4120 2.6248 	 305.6800 4.8672 	 306.0560 4.7936 
16 	 100.0000 0.0000 	 80.6400 1.9322 	 100.0000 0.0000 	 190.1440 2.1246 	 323.0240 4.4416 	 323.1280 4.4102 
17 	 100.0000 0.0000 	 76.6020 2.0342 	 100.0000 0.0000 	 186.0240 2.4735 	 319.3680 4.2264 	 319.5720 4.1938 
18 	 100.0000 0.0000 	 75.8880 1.7806 	 100.0000 0.0000 	 183.6080 2.5196 	 309.1280 4.5274 	 309.2040 4.5513 
19 	 99.9880 0.0477 	 74.5940 1.8516 	 100.0000 0.0000 	 183.0920 2.5916 	 296.3080 4.6508 	 296.8160 4.7380 
20 	 99.8580 0.1281 	 77.2900 1.9017 	 99.9260 0.1011 	 184.8920 2.5316 	 313.3440 4.3963 	 313.5160 4.4098 
21 	 99.9800 0.0603 	 80.9540 1.5977 	 99.9920 0.0394 	 190.4840 2.1704 	 340.2400 3.9951 	 340.3280 3.9440 
22 	 99.8120 0.1444 	 75.2520 1.7808 	 99.8920 0.1041 	 181.9840 3.1004 	 292.5280 4.9128 	 292.8680 4.8692 
23 	 99.9700 0.0718 	 77.7560 1.7036 	 100.0000 0.0000 	 186.1400 2.1306 	 336.5360 4.3641 	 336.6640 4.2747 
24 	 99.9960 0.0281 	 75.3360 1.7809 	 100.0000 0.0000 	 182.9520 2.6835 	 300.1960 4.8687 	 300.3720 4.8577 
25 	 99.9660 0.0755 	 75.4780 1.8865 	 99.9880 0.0477 	 182.5120 2.9012 	 299.2720 5.1409 	 299.4680 5.2244 
26 	 99.9940 0.0343 	 80.4040 1.7380 	 100.0000 0.0000 	 190.7120 2.0210 	 340.9840 4.0547 	 341.1840 4.1119 
27 	 99.9740 0.0676 	 81.0080 1.4653 	 99.9920 0.0394 	 190.4320 2.2345 	 326.8880 4.5867 	 326.9720 4.5933 
28 	 99.7080 0.1739 	 66.1100 1.9826 	 99.8600 0.1287 	 168.4600 3.4854 	 269.5280 5.4284 	 269.8040 5.4346 
29 	 99.9620 0.0789 	 77.5500 1.8096 	 99.9860 0.0513 	 186.7160 2.2701 	 312.2960 4.2627 	 312.5920 4.2372 
30 	 99.8420 0.1372 	 72.3920 1.7272 	 99.8960 0.1082 	 179.3800 3.2992 	 291.5960 5.8800 	 291.9600 5.8117 
31 	 100.0000 0.0000 	 80.9360 1.8001 	 100.0000 0.0000 	 191.8680 1.8667 	 336.3120 4.0091 	 336.4800 3.9968 
32 	 99.9860 0.0513 	 77.2400 1.9240 	 99.9980 0.0200 	 186.3120 2.6347 	 312.4280 4.9860 	 312.6120 5.0502 
33 	 100.0000 0.0000 	 75.8340 2.0287 	 100.0000 0.0000 	 184.7400 3.0934 	 310.4600 5.4873 	 310.7480 5.5416 
34 	 99.9000 0.1223 	 78.0120 1.8789 	 99.9260 0.1050 	 187.2480 2.4751 	 326.8840 4.0849 	 327.0600 4.1172 
35 	 99.9860 0.0513 	 71.4180 1.9330 	 100.0000 0.0000 	 178.0200 3.2553 	 290.2880 5.3054 	 290.7800 5.5301 
36 	 99.9120 0.1076 	 72.9880 1.7895 	 99.9620 0.0789 	 182.1920 2.8195 	 328.2200 4.5923 	 328.4520 4.6264 
37 	 100.0000 0.0000 	 76.2000 2.0615 	 100.0000 0.0000 	 186.2280 2.3214 	 309.6000 4.6443 	 309.7600 4.6044 
38 	 100.0000 0.0000 	 72.9620 1.8973 	 100.0000 0.0000 	 179.2960 3.2685 	 291.9720 5.1093 	 292.2520 5.1391 
39 	 100.0000 0.0000 	 76.8980 1.7804 	 100.0000 0.0000 	 187.0320 2.3484 	 315.1560 5.0468 	 315.4880 5.0376 
40 	 99.7000 0.1896 	 83.7000 1.4235 	 99.7780 0.1605 	 192.9720 1.4817 	 351.1920 4.0169 	 351.2160 4.0693 
41 	 100.0000 0.0000 	 78.5300 1.7159 	 100.0000 0.0000 	 187.7640 2.2478 	 327.4520 4.4942 	 327.5480 4.4693 
42 	 100.0000 0.0000 	 76.3040 1.6197 	 100.0000 0.0000 	 185.2200 2.4304 	 319.4280 4.9555 	 319.5080 4.9436 
43 	 100.0000 0.0000 	 79.0580 1.7708 	 100.0000 0.0000 	 188.2080 2.3895 	 333.8240 4.7401 	 334.0680 4.7838 
44 	 100.0000 0.0000 	 77.9420 1.6089 	 100.0000 0.0000 	 187.2960 2.4348 	 321.0280 4.7425 	 321.2440 4.6906 
45 	 100.0000 0.0000 	 78.2360 1.6912 	 100.0000 0.0000 	 188.8200 2.0884 	 328.8800 4.2033 	 328.9520 4.1762 
