Task 	 PA 	 PA_NV 	 PA_SL 	 HetOTL 	 HetOTL_SL 	 OTLHS 
1 	 0.0062 0.0014 	 0.0152 0.0035 	 0.0123 0.0029 	 0.0195 0.0045 	 0.0406 0.0083 	 0.0385 0.0079 
2 	 0.0050 0.0011 	 0.0138 0.0029 	 0.0110 0.0024 	 0.0174 0.0036 	 0.0355 0.0067 	 0.0345 0.0069 
3 	 0.0057 0.0014 	 0.0154 0.0032 	 0.0117 0.0028 	 0.0195 0.0042 	 0.0402 0.0077 	 0.0380 0.0074 
4 	 0.0060 0.0014 	 0.0156 0.0032 	 0.0123 0.0028 	 0.0195 0.0042 	 0.0424 0.0083 	 0.0391 0.0076 
5 	 0.0057 0.0013 	 0.0155 0.0034 	 0.0118 0.0026 	 0.0193 0.0043 	 0.0402 0.0079 	 0.0377 0.0073 
6 	 0.0057 0.0013 	 0.0154 0.0034 	 0.0120 0.0028 	 0.0197 0.0045 	 0.0401 0.0080 	 0.0383 0.0077 
7 	 0.0057 0.0013 	 0.0151 0.0032 	 0.0121 0.0027 	 0.0197 0.0044 	 0.0414 0.0081 	 0.0406 0.0083 
8 	 0.0058 0.0014 	 0.0153 0.0032 	 0.0120 0.0027 	 0.0191 0.0042 	 0.0415 0.0083 	 0.0386 0.0076 
9 	 0.0066 0.0014 	 0.0177 0.0035 	 0.0137 0.0028 	 0.0220 0.0045 	 0.0457 0.0086 	 0.0430 0.0081 
10 	 0.0061 0.0015 	 0.0158 0.0036 	 0.0122 0.0028 	 0.0204 0.0045 	 0.0428 0.0084 	 0.0404 0.0081 
11 	 0.0056 0.0014 	 0.0153 0.0035 	 0.0118 0.0028 	 0.0189 0.0040 	 0.0388 0.0078 	 0.0380 0.0079 
12 	 0.0073 0.0012 	 0.0189 0.0032 	 0.0148 0.0024 	 0.0244 0.0036 	 0.0507 0.0074 	 0.0483 0.0068 
13 	 0.0071 0.0012 	 0.0188 0.0030 	 0.0147 0.0025 	 0.0242 0.0035 	 0.0505 0.0069 	 0.0480 0.0065 
14 	 0.0065 0.0011 	 0.0183 0.0032 	 0.0141 0.0023 	 0.0227 0.0041 	 0.0463 0.0080 	 0.0451 0.0069 
15 	 0.0068 0.0015 	 0.0180 0.0034 	 0.0142 0.0028 	 0.0234 0.0040 	 0.0486 0.0075 	 0.0456 0.0077 
16 	 0.0066 0.0015 	 0.0174 0.0039 	 0.0133 0.0030 	 0.0221 0.0047 	 0.0465 0.0089 	 0.0437 0.0089 
17 	 0.0068 0.0013 	 0.0182 0.0032 	 0.0142 0.0028 	 0.0232 0.0042 	 0.0491 0.0080 	 0.0462 0.0077 
18 	 0.0066 0.0014 	 0.0179 0.0034 	 0.0138 0.0028 	 0.0222 0.0045 	 0.0472 0.0084 	 0.0444 0.0080 
19 	 0.0062 0.0014 	 0.0172 0.0038 	 0.0133 0.0029 	 0.0219 0.0046 	 0.0452 0.0089 	 0.0432 0.0084 
20 	 0.0067 0.0015 	 0.0176 0.0037 	 0.0138 0.0028 	 0.0224 0.0046 	 0.0469 0.0090 	 0.0448 0.0082 
21 	 0.0063 0.0014 	 0.0176 0.0037 	 0.0137 0.0032 	 0.0225 0.0045 	 0.0492 0.0089 	 0.0468 0.0089 
22 	 0.0064 0.0014 	 0.0174 0.0036 	 0.0133 0.0029 	 0.0222 0.0046 	 0.0448 0.0084 	 0.0420 0.0083 
23 	 0.0061 0.0013 	 0.0178 0.0036 	 0.0137 0.0030 	 0.0214 0.0045 	 0.0472 0.0088 	 0.0454 0.0084 
24 	 0.0062 0.0014 	 0.0173 0.0036 	 0.0133 0.0029 	 0.0218 0.0047 	 0.0461 0.0086 	 0.0427 0.0084 
25 	 0.0063 0.0015 	 0.0170 0.0038 	 0.0132 0.0028 	 0.0217 0.0045 	 0.0441 0.0089 	 0.0420 0.0082 
26 	 0.0068 0.0014 	 0.0180 0.0036 	 0.0144 0.0028 	 0.0232 0.0044 	 0.0494 0.0089 	 0.0479 0.0083 
27 	 0.0065 0.0015 	 0.0176 0.0038 	 0.0134 0.0031 	 0.0223 0.0047 	 0.0478 0.0092 	 0.0447 0.0089 
28 	 0.0060 0.0013 	 0.0174 0.0033 	 0.0131 0.0026 	 0.0218 0.0042 	 0.0442 0.0075 	 0.0417 0.0077 
29 	 0.0067 0.0014 	 0.0175 0.0036 	 0.0137 0.0030 	 0.0231 0.0043 	 0.0474 0.0083 	 0.0456 0.0082 
30 	 0.0066 0.0011 	 0.0186 0.0029 	 0.0141 0.0022 	 0.0234 0.0035 	 0.0475 0.0064 	 0.0449 0.0063 
31 	 0.0066 0.0015 	 0.0174 0.0038 	 0.0137 0.0030 	 0.0225 0.0047 	 0.0486 0.0090 	 0.0461 0.0086 
32 	 0.0064 0.0014 	 0.0176 0.0036 	 0.0134 0.0030 	 0.0221 0.0043 	 0.0461 0.0089 	 0.0445 0.0085 
33 	 0.0067 0.0014 	 0.0175 0.0036 	 0.0139 0.0028 	 0.0220 0.0047 	 0.0465 0.0087 	 0.0439 0.0084 
34 	 0.0064 0.0014 	 0.0176 0.0037 	 0.0136 0.0030 	 0.0222 0.0044 	 0.0477 0.0087 	 0.0449 0.0085 
35 	 0.0068 0.0013 	 0.0182 0.0032 	 0.0143 0.0026 	 0.0231 0.0041 	 0.0477 0.0078 	 0.0448 0.0073 
36 	 0.0060 0.0014 	 0.0171 0.0035 	 0.0135 0.0029 	 0.0214 0.0046 	 0.0461 0.0088 	 0.0444 0.0082 
37 	 0.0067 0.0014 	 0.0179 0.0036 	 0.0140 0.0028 	 0.0228 0.0044 	 0.0478 0.0085 	 0.0456 0.0085 
38 	 0.0063 0.0014 	 0.0166 0.0037 	 0.0132 0.0029 	 0.0214 0.0046 	 0.0443 0.0087 	 0.0419 0.0083 
39 	 0.0065 0.0014 	 0.0175 0.0037 	 0.0133 0.0029 	 0.0218 0.0046 	 0.0463 0.0084 	 0.0431 0.0084 
40 	 0.0066 0.0015 	 0.0176 0.0036 	 0.0138 0.0030 	 0.0223 0.0046 	 0.0483 0.0092 	 0.0456 0.0090 
41 	 0.0068 0.0013 	 0.0185 0.0035 	 0.0144 0.0028 	 0.0229 0.0045 	 0.0490 0.0084 	 0.0462 0.0080 
42 	 0.0061 0.0013 	 0.0180 0.0035 	 0.0136 0.0028 	 0.0226 0.0042 	 0.0467 0.0086 	 0.0448 0.0080 
43 	 0.0063 0.0014 	 0.0177 0.0038 	 0.0139 0.0030 	 0.0226 0.0046 	 0.0477 0.0093 	 0.0463 0.0086 
44 	 0.0064 0.0014 	 0.0177 0.0036 	 0.0138 0.0030 	 0.0220 0.0048 	 0.0470 0.0089 	 0.0446 0.0084 
45 	 0.0065 0.0014 	 0.0175 0.0036 	 0.0136 0.0030 	 0.0220 0.0047 	 0.0473 0.0092 	 0.0443 0.0090 
