Task 	 PA 	 PA_NV 	 PA_SL 	 HetOTL 	 HetOTL_SL 	 OTLHS 
1 	 40.1360 1.4650 	 40.5860 1.4262 	 41.3580 1.5970 	 41.9420 1.1828 	 36.1300 1.3705 	 34.3740 1.2901 
2 	 26.6020 0.9344 	 31.8120 1.1830 	 27.2760 0.9635 	 28.7700 0.9890 	 26.1060 1.0934 	 24.9820 1.0119 
3 	 37.5440 1.4279 	 35.7100 1.2228 	 38.0000 1.3024 	 36.6800 1.1367 	 31.3760 1.1814 	 30.5480 1.1815 
4 	 43.3980 1.5011 	 42.8600 1.4457 	 43.9680 1.5822 	 44.6420 1.2376 	 36.7180 1.3005 	 35.6700 1.3857 
5 	 31.9100 1.2132 	 37.6540 1.1823 	 32.7100 1.0400 	 34.7280 1.1369 	 30.5260 1.3756 	 29.8060 1.2916 
6 	 30.8280 1.1714 	 32.1620 1.1532 	 31.9240 1.1672 	 31.7760 1.1680 	 27.1680 1.1716 	 25.8100 1.1372 
7 	 37.8520 1.4982 	 43.6060 1.6574 	 37.8920 1.1601 	 40.4260 1.3902 	 37.9980 1.5134 	 37.0860 1.5899 
8 	 42.2540 1.8503 	 40.0880 1.3319 	 42.5120 1.5983 	 42.1840 1.3152 	 35.4640 1.4528 	 34.4560 1.2789 
9 	 33.1360 1.4315 	 35.6680 1.2793 	 33.9640 1.3124 	 35.0800 1.1184 	 29.1140 1.0751 	 27.9180 1.1460 
10 	 41.1880 1.6090 	 39.7880 1.4221 	 42.2420 1.4698 	 41.6600 1.1026 	 37.2660 1.3346 	 35.4860 1.2557 
11 	 31.0480 1.1973 	 31.2540 1.0928 	 32.3880 1.1452 	 31.6000 1.2598 	 27.3820 1.0402 	 26.0420 1.0286 
12 	 42.8640 1.5939 	 37.8520 1.2324 	 43.8380 1.4447 	 40.3100 1.2032 	 33.8440 1.3056 	 32.4740 1.1884 
13 	 32.8860 1.4804 	 36.0360 1.1018 	 34.2460 1.3800 	 35.6720 1.1917 	 31.4800 1.2378 	 30.0820 1.1250 
14 	 28.9560 0.9887 	 32.1560 1.1650 	 29.5100 1.0989 	 29.7480 1.1176 	 25.4360 1.1446 	 24.7900 1.0251 
15 	 36.2520 1.2311 	 32.7760 1.2313 	 37.1800 1.2235 	 33.9300 1.1944 	 28.8600 1.1552 	 27.3960 1.0929 
16 	 42.1820 1.4760 	 40.9260 1.3155 	 42.7960 1.5088 	 42.3580 1.2972 	 36.9140 1.2257 	 35.6320 1.1469 
17 	 34.3400 1.1805 	 36.7680 1.4985 	 35.5640 1.1804 	 37.0240 1.3473 	 31.9800 1.0882 	 29.6620 1.1096 
18 	 31.6320 1.1730 	 34.2660 1.2472 	 32.8320 1.2442 	 34.7940 1.1422 	 30.2220 1.3363 	 27.9820 1.1463 
19 	 31.2140 1.3482 	 32.9000 1.1812 	 32.4520 1.2314 	 32.4480 1.1271 	 26.7820 1.0966 	 25.0240 1.1127 
20 	 35.5500 1.4582 	 37.5940 1.3431 	 36.4540 1.3029 	 37.6860 1.1586 	 33.1760 1.1372 	 31.2680 1.2158 
21 	 35.0580 1.2158 	 41.8800 1.5327 	 35.6220 1.2236 	 38.4680 1.2940 	 35.3840 1.4863 	 33.9700 1.3723 
22 	 30.8620 1.2474 	 30.8880 1.0874 	 32.4440 1.1867 	 31.1640 1.0516 	 25.9520 1.1289 	 24.2640 1.0355 
23 	 29.0960 1.1172 	 36.4940 1.3347 	 29.4100 1.1051 	 31.4440 1.0181 	 28.8720 1.2402 	 27.8180 1.3562 
24 	 31.5680 1.2123 	 30.4520 1.1362 	 32.1960 1.2980 	 30.3480 1.1158 	 25.6440 1.0975 	 24.2360 0.9783 
25 	 27.9420 1.2092 	 30.7500 1.0619 	 29.3000 1.1085 	 30.5440 1.0067 	 25.8860 0.9155 	 24.6420 0.8946 
26 	 38.1420 1.3953 	 39.3980 1.4435 	 38.8460 1.3603 	 41.0360 1.2685 	 34.1920 1.3807 	 32.5400 1.2136 
27 	 35.1800 1.2561 	 38.6040 1.3502 	 36.6280 1.1631 	 39.3900 1.2408 	 32.8020 1.2797 	 31.2660 1.2479 
28 	 24.9020 0.9959 	 22.5920 0.8962 	 25.9880 1.0327 	 22.7660 1.0583 	 18.8860 0.9177 	 17.7940 0.8624 
29 	 41.5180 1.4639 	 37.7520 1.3224 	 41.6360 1.3787 	 40.5400 1.2673 	 35.2400 1.3011 	 33.8700 1.4933 
30 	 26.0520 1.0612 	 27.5240 0.9500 	 26.6620 1.0972 	 26.0540 1.0651 	 22.1160 0.9506 	 21.3380 1.0455 
31 	 45.7320 1.5285 	 44.3700 1.5322 	 45.8420 1.3959 	 46.3020 1.3320 	 39.0720 1.3814 	 38.2440 1.3767 
32 	 34.8840 1.3589 	 35.5860 1.0341 	 35.7700 1.3811 	 35.7480 1.2500 	 29.5820 1.2732 	 28.5000 1.1312 
33 	 33.8000 1.2546 	 33.9180 1.1933 	 35.2420 1.2679 	 35.0300 1.0634 	 29.9220 1.0995 	 28.7620 1.1330 
34 	 36.9440 1.4197 	 38.8000 1.3355 	 37.4320 1.3348 	 38.7780 1.3636 	 34.5700 1.4350 	 33.5900 1.3265 
35 	 28.6980 1.2294 	 29.8580 1.0388 	 30.4440 1.1444 	 29.7340 1.0686 	 25.0700 1.0751 	 23.4200 0.9059 
36 	 29.0100 1.1383 	 32.0000 1.0731 	 29.2380 1.1038 	 30.9220 1.0685 	 27.5020 1.1801 	 26.8800 1.1679 
37 	 37.6320 1.3094 	 37.3740 1.5183 	 37.9080 1.2392 	 37.3980 1.1941 	 32.8640 1.1263 	 31.6160 1.3284 
38 	 29.3640 1.2340 	 29.3640 1.0160 	 31.1200 1.2488 	 29.8380 1.0574 	 25.3660 1.0055 	 23.9620 0.9042 
39 	 30.8520 1.2086 	 38.2160 1.4323 	 31.9340 1.2174 	 36.3400 1.2522 	 30.9900 1.1739 	 29.6160 1.1826 
40 	 41.9420 1.3586 	 45.9720 1.4828 	 42.1720 1.4809 	 44.1900 1.2866 	 40.4200 1.5989 	 39.6580 1.6545 
41 	 32.9120 1.3667 	 37.4540 1.2210 	 33.7300 1.1368 	 36.7160 0.9852 	 30.6260 1.2338 	 28.7760 1.1185 
42 	 27.9160 1.1725 	 33.6940 1.1305 	 28.5980 0.9804 	 30.8820 1.1424 	 27.5600 1.1895 	 26.6320 1.1574 
43 	 34.1080 1.2025 	 38.4460 1.3263 	 34.6260 1.0276 	 37.1780 1.1616 	 31.7220 1.3969 	 30.3740 1.1619 
44 	 30.9700 1.0239 	 36.1960 1.2459 	 31.7040 1.0938 	 35.4420 1.1725 	 28.7400 1.3136 	 27.3240 1.2374 
45 	 33.6460 1.4619 	 37.8060 1.0793 	 34.6660 1.2843 	 37.5360 1.2562 	 31.6920 1.1569 	 30.2680 1.3965 
