Task 	 PA 	 PA_NV 	 PA_SL 	 HetOTL 	 HetOTL_SL 	 OTLHS 
1 	 92.8020 1.2794 	 86.4700 1.4884 	 99.1340 0.4850 	 189.3160 2.7656 	 314.8680 3.1161 	 279.9480 3.2752 
2 	 73.8040 1.3496 	 79.3060 1.4080 	 87.9540 1.1864 	 161.2520 2.2287 	 259.9200 2.9101 	 235.4800 3.4948 
3 	 86.6100 1.3325 	 84.0220 1.3830 	 95.9460 0.9206 	 181.2600 2.2379 	 292.5360 3.0225 	 260.0280 3.8620 
4 	 93.2780 1.3369 	 87.9360 1.4855 	 99.2520 0.5010 	 191.6520 2.9524 	 317.2000 2.4645 	 283.3200 3.1871 
5 	 82.2100 1.3265 	 84.3500 1.3404 	 94.5580 0.9502 	 179.1200 2.3551 	 296.1160 2.9951 	 265.0840 3.5846 
6 	 81.4220 1.3067 	 79.2160 1.2163 	 93.6580 0.9269 	 173.3600 2.2136 	 282.7280 3.0518 	 247.2320 3.9380 
7 	 84.6140 1.5080 	 88.8440 1.2910 	 95.9640 0.9107 	 184.5880 2.3292 	 340.0160 2.9656 	 311.8600 3.6614 
8 	 89.5620 1.4275 	 86.8300 1.4723 	 98.0480 0.7073 	 188.7800 2.5844 	 330.3840 2.8500 	 295.1240 3.5206 
9 	 84.6560 1.3932 	 83.8380 1.2036 	 95.9020 0.9275 	 182.5280 2.0958 	 290.9480 3.2230 	 256.4960 3.6776 
10 	 91.8880 1.3761 	 85.6060 1.3431 	 98.8540 0.6259 	 188.3360 2.3584 	 314.3080 3.1964 	 281.6200 3.9028 
11 	 81.7800 1.2863 	 79.3800 1.4269 	 93.8260 0.9597 	 174.2800 2.0963 	 280.2000 3.1143 	 249.4920 3.6172 
12 	 93.2580 1.3494 	 85.0500 1.1499 	 99.3280 0.4363 	 188.0320 2.4312 	 314.7920 2.6654 	 283.4960 3.3896 
13 	 86.9620 1.4001 	 84.2540 1.2604 	 97.3060 0.7931 	 184.8840 2.3367 	 305.9800 2.6754 	 272.3440 3.5414 
14 	 75.3940 1.5038 	 81.1640 1.4149 	 88.7680 0.9993 	 166.4000 2.1552 	 274.9160 3.6205 	 245.7000 3.4453 
15 	 86.2040 1.2630 	 81.1520 1.3227 	 96.1560 0.9680 	 179.0600 1.9902 	 294.6800 3.2563 	 260.8720 3.5616 
16 	 92.0040 1.3098 	 87.3440 1.5064 	 98.9220 0.5635 	 189.3720 3.0813 	 309.4840 3.1986 	 281.3400 3.8132 
17 	 87.5340 1.3409 	 84.5180 1.3719 	 97.5720 0.8180 	 185.8280 2.4475 	 318.3440 2.8015 	 285.0720 3.9101 
18 	 85.0660 1.1807 	 83.5160 1.3589 	 96.5360 0.7815 	 185.5520 2.2878 	 303.2240 2.9716 	 267.1920 3.7609 
19 	 82.3820 1.5500 	 82.8560 1.4389 	 94.0060 1.1262 	 176.5960 2.6119 	 292.7720 3.5218 	 255.3640 3.3731 
20 	 87.6860 1.3000 	 84.9840 1.3489 	 97.1520 0.7945 	 185.7280 2.5028 	 304.3720 2.7244 	 272.2760 3.4833 
21 	 85.5020 1.3902 	 89.2140 1.2188 	 96.5480 0.8875 	 186.0200 2.2573 	 346.4640 2.9513 	 312.4680 3.2437 
22 	 86.7220 1.1231 	 79.6540 1.3287 	 97.3000 0.7561 	 180.9800 2.2501 	 276.5080 3.1928 	 240.8760 3.4006 
23 	 75.1080 1.4579 	 85.3320 1.1831 	 91.0580 1.2405 	 171.2880 2.0606 	 321.4240 3.1328 	 295.4160 3.9543 
24 	 81.3720 1.2827 	 80.8380 1.3531 	 93.7160 1.2732 	 177.6560 2.4321 	 296.7280 3.3192 	 257.9360 3.8976 
25 	 83.0180 1.2211 	 79.3700 1.4123 	 95.1860 0.9017 	 177.7000 2.3055 	 270.9360 2.5918 	 238.5720 3.9827 
26 	 89.5240 1.2150 	 88.7000 1.3031 	 98.5040 0.6133 	 191.2120 2.4542 	 343.6520 2.7115 	 308.8200 3.0608 
27 	 89.8920 1.4878 	 88.0960 1.3395 	 98.5220 0.6343 	 190.8400 2.5939 	 328.6720 2.9645 	 291.1320 3.4881 
28 	 71.7600 1.4548 	 69.8720 1.3640 	 86.0240 1.2859 	 149.6520 2.2199 	 233.7640 3.2051 	 205.5120 3.7297 
29 	 89.2660 1.4757 	 86.0120 1.2668 	 98.0420 0.7812 	 186.7520 2.4855 	 312.0680 2.8353 	 279.1080 3.8299 
30 	 73.7260 1.0924 	 77.5020 1.5288 	 87.9060 1.0733 	 161.6680 2.1326 	 257.3640 3.1711 	 227.6840 3.5433 
31 	 93.3380 1.2413 	 89.6120 1.4694 	 99.2740 0.5066 	 191.5960 2.2495 	 347.5600 3.1820 	 314.1560 3.8387 
32 	 85.0040 1.4484 	 84.8500 1.3822 	 95.6560 0.9724 	 181.0440 2.5112 	 307.8560 2.8384 	 270.9640 3.5314 
33 	 87.8460 1.3824 	 81.9340 1.4548 	 97.6760 0.8617 	 182.5000 2.7727 	 300.9000 3.1111 	 266.7080 3.8239 
34 	 85.8500 1.4220 	 85.7980 1.3617 	 96.3900 0.9391 	 184.9040 2.5777 	 324.3360 2.7032 	 290.7280 3.7170 
35 	 84.4840 1.5152 	 77.9320 1.2515 	 96.2540 0.8682 	 176.4400 2.2111 	 283.2840 3.1090 	 245.0920 3.7643 
36 	 75.2620 1.4261 	 78.9780 1.3005 	 90.6920 1.1576 	 164.0000 2.1731 	 299.8640 2.9461 	 275.6720 3.8288 
37 	 85.6760 1.4213 	 85.1420 1.4451 	 95.9740 0.9219 	 183.7960 2.3589 	 319.5440 2.6576 	 282.2920 3.0484 
38 	 85.2100 1.3930 	 77.1340 1.3294 	 96.4560 0.8096 	 175.9720 2.4389 	 279.4000 3.0354 	 244.8080 3.5573 
39 	 84.3820 1.1697 	 85.9800 1.3314 	 96.0880 0.7640 	 184.8200 2.3677 	 304.8280 3.0586 	 269.8120 3.6477 
40 	 89.3380 1.2816 	 91.2720 1.1605 	 98.2200 0.7688 	 189.3200 2.2887 	 348.8160 3.2516 	 322.1320 3.2921 
41 	 86.1180 1.2306 	 86.6240 1.3942 	 97.2820 0.7686 	 185.7360 2.6067 	 317.5920 2.7991 	 279.2960 3.6885 
42 	 74.5960 1.3559 	 83.8200 1.2600 	 89.6160 1.3088 	 170.9880 2.1660 	 292.9080 3.4310 	 262.9680 3.6644 
43 	 82.9320 1.1084 	 87.4200 1.1760 	 95.2840 0.9356 	 184.6200 2.2154 	 330.7600 2.9588 	 295.1360 3.6243 
44 	 84.3300 1.3268 	 85.9140 1.4299 	 96.4000 0.7934 	 185.4080 2.5429 	 313.3680 2.6903 	 275.2360 3.3117 
45 	 86.1200 1.3923 	 86.7420 1.3571 	 97.1880 0.7089 	 187.9480 2.4682 	 328.4520 3.3691 	 290.0560 3.7064 
