Task 	 PA 	 PA_NV 	 PA_SL 	 HetOTL 	 HetOTL_SL 	 OTLHS 
1 	 0.0057 0.0013 	 0.0146 0.0032 	 0.0106 0.0025 	 0.0191 0.0041 	 0.0376 0.0077 	 0.0369 0.0074 
2 	 0.0053 0.0013 	 0.0148 0.0034 	 0.0103 0.0024 	 0.0176 0.0040 	 0.0356 0.0073 	 0.0358 0.0074 
3 	 0.0055 0.0013 	 0.0145 0.0031 	 0.0104 0.0024 	 0.0181 0.0040 	 0.0361 0.0074 	 0.0364 0.0077 
4 	 0.0062 0.0014 	 0.0158 0.0034 	 0.0117 0.0026 	 0.0201 0.0043 	 0.0398 0.0081 	 0.0407 0.0081 
5 	 0.0053 0.0012 	 0.0148 0.0032 	 0.0104 0.0024 	 0.0184 0.0040 	 0.0372 0.0078 	 0.0369 0.0078 
6 	 0.0058 0.0014 	 0.0161 0.0034 	 0.0114 0.0026 	 0.0197 0.0042 	 0.0390 0.0080 	 0.0393 0.0077 
7 	 0.0055 0.0013 	 0.0156 0.0035 	 0.0113 0.0026 	 0.0190 0.0041 	 0.0406 0.0084 	 0.0396 0.0080 
8 	 0.0054 0.0013 	 0.0148 0.0032 	 0.0107 0.0025 	 0.0180 0.0040 	 0.0375 0.0073 	 0.0376 0.0074 
9 	 0.0059 0.0014 	 0.0164 0.0035 	 0.0115 0.0027 	 0.0192 0.0043 	 0.0397 0.0082 	 0.0397 0.0081 
10 	 0.0058 0.0014 	 0.0154 0.0034 	 0.0110 0.0025 	 0.0192 0.0044 	 0.0394 0.0081 	 0.0388 0.0078 
11 	 0.0060 0.0013 	 0.0168 0.0036 	 0.0115 0.0025 	 0.0207 0.0043 	 0.0415 0.0082 	 0.0409 0.0086 
12 	 0.0069 0.0013 	 0.0183 0.0033 	 0.0131 0.0024 	 0.0229 0.0039 	 0.0467 0.0074 	 0.0465 0.0074 
13 	 0.0068 0.0010 	 0.0188 0.0027 	 0.0133 0.0020 	 0.0226 0.0038 	 0.0468 0.0065 	 0.0459 0.0070 
14 	 0.0064 0.0011 	 0.0183 0.0028 	 0.0124 0.0022 	 0.0221 0.0035 	 0.0454 0.0061 	 0.0453 0.0058 
15 	 0.0066 0.0013 	 0.0179 0.0032 	 0.0125 0.0024 	 0.0220 0.0041 	 0.0452 0.0070 	 0.0442 0.0075 
16 	 0.0068 0.0013 	 0.0184 0.0032 	 0.0127 0.0024 	 0.0222 0.0043 	 0.0461 0.0079 	 0.0454 0.0083 
17 	 0.0063 0.0014 	 0.0170 0.0036 	 0.0126 0.0026 	 0.0210 0.0044 	 0.0435 0.0086 	 0.0428 0.0083 
18 	 0.0062 0.0014 	 0.0173 0.0036 	 0.0123 0.0026 	 0.0215 0.0043 	 0.0430 0.0081 	 0.0427 0.0081 
19 	 0.0064 0.0013 	 0.0182 0.0032 	 0.0126 0.0024 	 0.0222 0.0039 	 0.0451 0.0069 	 0.0442 0.0074 
20 	 0.0065 0.0013 	 0.0178 0.0034 	 0.0125 0.0025 	 0.0218 0.0042 	 0.0448 0.0080 	 0.0442 0.0078 
21 	 0.0060 0.0014 	 0.0167 0.0037 	 0.0125 0.0027 	 0.0208 0.0045 	 0.0433 0.0088 	 0.0442 0.0086 
22 	 0.0066 0.0012 	 0.0186 0.0030 	 0.0129 0.0021 	 0.0230 0.0034 	 0.0462 0.0057 	 0.0455 0.0060 
23 	 0.0060 0.0013 	 0.0172 0.0036 	 0.0126 0.0026 	 0.0208 0.0044 	 0.0449 0.0082 	 0.0437 0.0086 
24 	 0.0064 0.0013 	 0.0178 0.0035 	 0.0127 0.0023 	 0.0214 0.0041 	 0.0434 0.0079 	 0.0432 0.0080 
25 	 0.0060 0.0013 	 0.0170 0.0036 	 0.0115 0.0025 	 0.0209 0.0043 	 0.0412 0.0082 	 0.0417 0.0077 
26 	 0.0067 0.0012 	 0.0186 0.0031 	 0.0137 0.0024 	 0.0229 0.0038 	 0.0479 0.0072 	 0.0471 0.0074 
27 	 0.0066 0.0013 	 0.0181 0.0034 	 0.0129 0.0025 	 0.0223 0.0042 	 0.0455 0.0081 	 0.0457 0.0078 
28 	 0.0060 0.0012 	 0.0175 0.0032 	 0.0117 0.0023 	 0.0211 0.0039 	 0.0418 0.0071 	 0.0419 0.0073 
29 	 0.0064 0.0014 	 0.0173 0.0035 	 0.0125 0.0025 	 0.0212 0.0044 	 0.0441 0.0077 	 0.0432 0.0081 
30 	 0.0058 0.0013 	 0.0172 0.0035 	 0.0113 0.0024 	 0.0209 0.0040 	 0.0418 0.0075 	 0.0415 0.0076 
31 	 0.0065 0.0015 	 0.0172 0.0038 	 0.0127 0.0028 	 0.0219 0.0046 	 0.0463 0.0083 	 0.0450 0.0089 
32 	 0.0062 0.0014 	 0.0171 0.0036 	 0.0121 0.0026 	 0.0210 0.0044 	 0.0431 0.0083 	 0.0431 0.0080 
33 	 0.0063 0.0014 	 0.0173 0.0036 	 0.0124 0.0025 	 0.0211 0.0044 	 0.0430 0.0081 	 0.0431 0.0081 
34 	 0.0065 0.0013 	 0.0180 0.0033 	 0.0131 0.0025 	 0.0217 0.0043 	 0.0453 0.0078 	 0.0458 0.0076 
35 	 0.0065 0.0011 	 0.0181 0.0030 	 0.0128 0.0022 	 0.0219 0.0037 	 0.0429 0.0074 	 0.0436 0.0068 
36 	 0.0060 0.0013 	 0.0174 0.0035 	 0.0125 0.0026 	 0.0214 0.0041 	 0.0449 0.0078 	 0.0445 0.0081 
37 	 0.0062 0.0014 	 0.0172 0.0036 	 0.0121 0.0027 	 0.0211 0.0043 	 0.0445 0.0076 	 0.0427 0.0084 
38 	 0.0063 0.0013 	 0.0175 0.0033 	 0.0124 0.0024 	 0.0220 0.0038 	 0.0436 0.0075 	 0.0437 0.0072 
39 	 0.0062 0.0013 	 0.0173 0.0036 	 0.0124 0.0026 	 0.0217 0.0041 	 0.0442 0.0077 	 0.0438 0.0077 
40 	 0.0065 0.0014 	 0.0177 0.0036 	 0.0134 0.0026 	 0.0221 0.0041 	 0.0464 0.0084 	 0.0466 0.0085 
41 	 0.0065 0.0013 	 0.0180 0.0035 	 0.0130 0.0025 	 0.0221 0.0042 	 0.0456 0.0078 	 0.0447 0.0081 
42 	 0.0056 0.0013 	 0.0162 0.0037 	 0.0115 0.0026 	 0.0199 0.0044 	 0.0406 0.0084 	 0.0405 0.0086 
43 	 0.0064 0.0013 	 0.0182 0.0034 	 0.0130 0.0025 	 0.0221 0.0043 	 0.0459 0.0081 	 0.0456 0.0081 
44 	 0.0066 0.0012 	 0.0183 0.0032 	 0.0132 0.0024 	 0.0227 0.0036 	 0.0465 0.0071 	 0.0458 0.0073 
45 	 0.0063 0.0013 	 0.0175 0.0035 	 0.0128 0.0026 	 0.0214 0.0043 	 0.0444 0.0078 	 0.0440 0.0085 
