Task 	 PA 	 PA_NV 	 PA_SL 	 HetOTL 	 HetOTL_SL 	 OTLHS 
1 	 84.7820 1.5565 	 77.6800 2.1318 	 91.4620 1.1394 	 164.6160 3.2088 	 263.2360 4.8319 	 264.3520 4.6238 
2 	 70.9400 1.8378 	 73.0540 1.8246 	 77.1140 1.6049 	 139.5920 3.6311 	 230.2840 4.9493 	 232.1640 5.2315 
3 	 82.4800 1.6146 	 76.8340 1.9598 	 88.7780 1.4122 	 157.4680 3.8877 	 248.3520 5.1943 	 250.4320 5.3496 
4 	 86.6420 1.4040 	 79.4020 1.8105 	 92.9500 1.1258 	 167.3800 3.1095 	 268.9120 4.7384 	 271.0960 4.5962 
5 	 76.7180 1.7709 	 76.9860 1.8254 	 83.4600 1.4624 	 152.6360 3.2317 	 250.3000 4.9011 	 251.5000 5.1700 
6 	 75.3120 1.5803 	 72.9260 1.7428 	 82.1860 1.3286 	 146.4960 3.3583 	 234.3720 4.1469 	 235.9400 4.2474 
7 	 78.5900 1.9110 	 80.6120 1.7505 	 86.2960 1.7074 	 159.5760 3.4773 	 288.3520 4.3221 	 289.0960 4.3643 
8 	 81.6500 1.6979 	 79.7280 1.7532 	 89.4360 1.4316 	 162.6400 3.2511 	 277.8960 4.8461 	 279.2520 5.0729 
9 	 77.1740 1.7734 	 76.1120 1.9302 	 84.0880 1.5508 	 153.2720 3.4500 	 245.4400 4.7625 	 247.2440 5.0771 
10 	 84.3820 1.4986 	 77.0040 1.8246 	 91.0360 1.2891 	 163.0400 3.2086 	 265.3960 4.4333 	 266.3680 4.5839 
11 	 75.3720 1.7051 	 74.2340 1.6320 	 82.0740 1.6022 	 147.4400 3.6466 	 237.9080 4.8698 	 238.9800 4.8925 
12 	 86.5260 1.5514 	 78.5080 1.9437 	 92.8580 1.2418 	 164.9240 3.6664 	 273.8680 4.6910 	 275.7600 4.5465 
13 	 78.3940 1.8945 	 79.3560 1.7908 	 85.7840 1.6455 	 157.5960 3.2083 	 259.2400 4.5563 	 260.1160 4.4872 
14 	 73.0780 1.7546 	 74.5360 2.0125 	 79.4000 1.7357 	 144.9240 3.7470 	 237.9320 4.7130 	 239.2680 4.7764 
15 	 80.6480 1.6875 	 75.2240 2.0204 	 87.6380 1.4849 	 152.8360 3.3765 	 250.1360 5.1345 	 251.3840 5.2220 
16 	 85.0560 1.4177 	 80.6360 1.9346 	 91.4600 1.2532 	 166.7560 2.8455 	 276.1320 4.7950 	 276.9000 4.9747 
17 	 79.3460 1.6068 	 76.6040 2.0376 	 86.7900 1.3503 	 156.7320 3.3984 	 265.2040 4.6424 	 265.8960 4.7583 
18 	 77.3060 1.7633 	 75.8880 1.7794 	 84.1600 1.5050 	 153.7440 3.3425 	 249.0120 4.7664 	 250.1360 4.7264 
19 	 76.9460 1.6428 	 74.5980 1.8463 	 83.8300 1.4345 	 149.9800 3.2188 	 237.1680 4.2654 	 238.7120 4.4732 
20 	 80.3620 1.5371 	 77.2840 1.9129 	 86.9240 1.3809 	 158.0640 3.3744 	 258.9520 4.3249 	 259.8680 4.4200 
21 	 79.7680 1.4920 	 80.9540 1.5959 	 87.2180 1.4324 	 161.0320 3.1507 	 287.5120 4.6319 	 287.8880 4.8739 
22 	 77.4020 1.4277 	 75.2480 1.7728 	 84.6420 1.3383 	 151.0360 3.3044 	 234.0920 4.4523 	 236.0960 4.8024 
23 	 72.9160 1.8242 	 77.7600 1.7035 	 79.6380 1.6536 	 148.2720 3.3769 	 274.4280 4.7476 	 275.2400 4.5824 
24 	 76.2780 1.4999 	 75.3460 1.7845 	 83.1380 1.3815 	 147.8560 3.5128 	 242.7320 3.9229 	 244.2400 4.1402 
25 	 74.2400 1.6025 	 75.4840 1.8921 	 81.3060 1.4274 	 148.1440 3.6094 	 233.1920 4.9778 	 234.6040 4.8531 
26 	 81.7460 1.7974 	 80.4140 1.7311 	 88.8880 1.4120 	 163.9280 3.2962 	 284.3160 3.9717 	 284.9800 4.0507 
27 	 80.8360 1.5963 	 81.0100 1.4621 	 88.3260 1.4371 	 163.5200 2.8984 	 271.7880 4.5955 	 272.5000 4.7555 
28 	 68.4040 1.5642 	 66.1060 1.9714 	 74.4700 1.4911 	 129.7720 3.7109 	 203.6160 4.7990 	 205.7920 4.8624 
29 	 81.3660 1.8927 	 77.5500 1.8147 	 89.4720 1.6742 	 159.8640 3.2961 	 259.9520 5.0495 	 261.0040 4.8284 
30 	 68.3620 1.7206 	 72.4080 1.7200 	 75.1200 1.4937 	 137.0040 3.4562 	 223.8840 4.8460 	 226.1240 5.0130 
31 	 88.1620 1.5009 	 80.9360 1.7960 	 93.9640 1.1890 	 171.0840 3.0666 	 295.6760 5.1174 	 296.6760 5.1069 
32 	 78.4760 1.7555 	 77.2380 1.9233 	 85.4540 1.4782 	 153.5840 3.3649 	 253.3440 4.8581 	 254.1760 4.7609 
33 	 79.6960 1.6252 	 75.8400 2.0341 	 86.8460 1.2200 	 155.6600 3.3516 	 252.2120 4.5242 	 253.5280 4.5537 
34 	 79.6220 1.6458 	 78.0160 1.8767 	 86.5840 1.4666 	 159.0440 3.1675 	 273.5840 5.1683 	 274.9840 5.1832 
35 	 75.6900 1.6606 	 71.4140 1.9209 	 83.0380 1.5673 	 144.2280 3.4509 	 226.9120 4.7740 	 228.2520 4.8247 
36 	 71.9100 1.9843 	 72.9940 1.7932 	 78.6300 1.6931 	 145.8280 3.7666 	 265.4000 4.9189 	 266.7280 4.9672 
37 	 80.2060 1.6449 	 76.1960 2.0581 	 87.5300 1.3781 	 156.1760 3.7139 	 260.5840 4.4634 	 261.8760 4.8258 
38 	 75.7360 1.5883 	 72.9480 1.8711 	 83.3440 1.3391 	 147.2400 3.8683 	 234.7920 4.8705 	 236.3680 4.8535 
39 	 77.5560 1.6304 	 76.8900 1.7919 	 84.2120 1.4326 	 155.1880 3.1323 	 253.4120 4.5196 	 254.7360 4.4646 
40 	 84.2840 1.8084 	 83.7080 1.4280 	 91.2400 1.4236 	 169.9360 3.2195 	 305.1560 4.4723 	 305.5920 4.6023 
41 	 78.5180 1.7914 	 78.5240 1.7246 	 85.3180 1.4324 	 157.5280 3.1886 	 260.1640 4.3555 	 261.1760 4.1553 
42 	 71.0200 1.6545 	 76.3060 1.6222 	 77.5080 1.7783 	 145.7400 3.2183 	 252.1200 5.2254 	 253.0920 5.1082 
43 	 77.5980 1.7998 	 79.0620 1.7702 	 84.3560 1.3283 	 156.0760 3.1699 	 275.6720 4.1208 	 277.1640 4.2416 
44 	 77.0400 1.7205 	 77.9520 1.5929 	 83.7040 1.5545 	 154.9640 3.3530 	 260.1440 5.0579 	 262.1920 4.9284 
45 	 77.6060 1.5022 	 78.2480 1.7021 	 84.8240 1.2241 	 157.7920 3.2013 	 268.6000 4.6549 	 269.8840 4.7977 
