Task 	 PA 	 PA_NV 	 PA_SL 	 HetOTL 	 HetOTL_SL 	 OTLHS 
1 	 37.8300 1.6422 	 43.1940 1.8814 	 37.4840 1.6895 	 38.7820 1.6144 	 33.7500 1.5501 	 33.9300 1.5976 
2 	 27.5600 1.2937 	 35.9240 1.5444 	 26.4160 1.1341 	 28.2480 1.3633 	 25.0060 1.2834 	 25.3480 1.3338 
3 	 38.2820 1.8066 	 39.5200 2.0691 	 37.2260 1.6474 	 35.6560 1.5448 	 31.4280 1.4208 	 31.7420 1.4775 
4 	 41.6700 1.7402 	 44.9820 1.9393 	 41.1460 1.7244 	 40.9800 1.7719 	 35.5540 1.5906 	 35.7440 1.5856 
5 	 32.7200 1.5106 	 40.9900 1.8065 	 31.4780 1.2899 	 33.1200 1.5593 	 29.8180 1.4490 	 29.9940 1.5089 
6 	 30.8020 1.4336 	 36.1900 1.6814 	 29.8480 1.1652 	 30.0020 1.4331 	 25.7640 1.2268 	 25.9340 1.2688 
7 	 40.0800 1.8344 	 44.8700 1.9241 	 38.2800 1.4650 	 39.6980 1.6410 	 37.1080 1.6859 	 37.3500 1.6862 
8 	 42.8900 2.0089 	 43.4200 1.7409 	 41.5080 1.8566 	 40.7520 1.8151 	 35.7620 1.5933 	 36.1380 1.6270 
9 	 33.1300 1.4876 	 38.8600 1.6525 	 31.7580 1.4384 	 33.0280 1.4545 	 28.2920 1.3743 	 28.6620 1.4622 
10 	 39.9160 1.8574 	 42.2100 1.8780 	 39.4020 1.5339 	 38.9280 1.7502 	 35.1800 1.6565 	 35.3080 1.7083 
11 	 30.7380 1.4855 	 36.8320 1.4776 	 29.8220 1.5340 	 30.8680 1.5158 	 26.2040 1.3412 	 26.3960 1.4453 
12 	 41.7140 1.9036 	 42.0560 1.9828 	 41.3040 1.7071 	 39.2600 2.0154 	 33.6460 1.3522 	 33.8820 1.4282 
13 	 31.0260 1.5212 	 40.9240 1.6629 	 30.6740 1.5119 	 33.2200 1.6249 	 29.5540 1.4001 	 29.6580 1.4884 
14 	 29.9400 1.3652 	 37.0000 1.6303 	 28.7220 1.3946 	 30.0520 1.5494 	 25.8100 1.3365 	 26.1240 1.3885 
15 	 35.2060 1.6919 	 37.3940 1.5981 	 34.4840 1.3713 	 32.9240 1.4661 	 27.6720 1.3896 	 27.9740 1.4583 
16 	 41.2500 1.8500 	 44.6560 2.0978 	 40.5380 1.6648 	 41.1740 1.8468 	 36.1980 1.4635 	 36.4520 1.4144 
17 	 32.7180 1.4056 	 39.8840 1.8033 	 32.1120 1.4339 	 33.4600 1.4269 	 29.5100 1.2906 	 29.7020 1.2991 
18 	 30.7460 1.5492 	 38.0880 1.6031 	 30.0420 1.4054 	 31.6280 1.5085 	 27.3940 1.4072 	 27.5320 1.3944 
19 	 30.3200 1.4553 	 36.8440 1.7098 	 29.7680 1.3447 	 29.9440 1.4768 	 25.0860 1.3031 	 25.3640 1.3664 
20 	 34.3780 1.4469 	 40.4560 1.8425 	 33.8280 1.3055 	 35.1720 1.6670 	 30.9460 1.4904 	 31.0500 1.5548 
21 	 35.4480 1.5596 	 42.7340 1.7857 	 34.5900 1.3988 	 36.1180 1.5858 	 33.6180 1.4559 	 33.8460 1.5450 
22 	 28.8300 1.3793 	 35.4960 1.6102 	 28.5460 1.3516 	 28.3480 1.2673 	 24.3860 1.2434 	 24.6200 1.1995 
23 	 31.2300 1.3988 	 38.8680 1.9454 	 29.4500 1.1856 	 31.0220 1.4073 	 28.7760 1.4618 	 29.0520 1.4884 
24 	 32.1240 1.5489 	 34.8640 1.7084 	 30.9520 1.3538 	 28.8620 1.4402 	 24.7600 1.3339 	 25.0760 1.3116 
25 	 26.7080 1.1555 	 36.1560 1.5225 	 25.9740 1.1504 	 28.1500 1.3793 	 24.1480 1.1132 	 24.3320 1.2021 
26 	 38.0100 1.5859 	 41.7420 1.9441 	 37.0040 1.5120 	 36.9320 1.7087 	 32.8680 1.4889 	 33.1560 1.5744 
27 	 33.5320 1.6278 	 40.9680 1.7386 	 32.9020 1.5188 	 34.7380 1.5844 	 31.0760 1.6203 	 31.2120 1.6675 
28 	 24.8180 1.3892 	 27.5760 1.5075 	 23.8000 1.1752 	 22.3300 1.2065 	 18.2260 0.9972 	 18.5240 1.0209 
29 	 41.8860 1.7591 	 40.5840 1.6829 	 40.7040 1.8502 	 38.9100 1.7395 	 33.8480 1.5048 	 34.1380 1.4756 
30 	 26.5680 1.4704 	 33.3980 1.6732 	 25.4380 1.2759 	 26.1540 1.4236 	 22.5780 1.2520 	 22.7700 1.3265 
31 	 45.4900 2.0415 	 46.3800 2.0252 	 44.9280 2.0409 	 44.3820 2.0497 	 39.3340 1.7507 	 39.7020 1.7610 
32 	 34.7660 1.6038 	 39.9140 1.8151 	 33.7800 1.4566 	 33.7960 1.5263 	 29.4740 1.6252 	 29.6520 1.5605 
33 	 31.9740 1.5798 	 39.4680 1.7004 	 31.4120 1.4909 	 33.3020 1.5600 	 29.6760 1.3838 	 29.8300 1.4203 
34 	 37.6620 1.6862 	 41.9100 1.8187 	 36.4240 1.5021 	 37.7920 1.7900 	 33.9560 1.7462 	 34.0940 1.7234 
35 	 26.7340 1.3086 	 34.6540 1.6548 	 26.3200 1.2220 	 27.0720 1.1681 	 23.2120 1.1543 	 23.3640 1.1642 
36 	 32.2180 1.4270 	 36.8960 1.6227 	 30.1840 1.4424 	 31.7480 1.4633 	 29.2240 1.4967 	 29.8380 1.4047 
37 	 39.0520 1.8739 	 39.7000 1.7123 	 37.6600 1.6746 	 36.4960 1.7100 	 32.2060 1.3925 	 32.4140 1.4626 
38 	 27.7760 1.4873 	 35.1260 1.4602 	 27.2100 1.3431 	 28.4720 1.4816 	 24.1120 1.3301 	 24.2780 1.3144 
39 	 30.9240 1.5410 	 39.9500 1.6724 	 29.9100 1.2894 	 32.9020 1.4538 	 29.4560 1.3135 	 29.6700 1.3422 
40 	 43.6700 1.8568 	 47.9300 1.9360 	 42.4140 1.7995 	 44.6520 1.8996 	 41.1780 1.9231 	 41.5740 2.1167 
41 	 32.0400 1.5098 	 39.5540 1.7345 	 31.2060 1.4682 	 32.9060 1.4069 	 29.0320 1.2677 	 29.2240 1.3148 
42 	 29.7740 1.4090 	 36.8920 1.6417 	 28.0940 1.1815 	 30.1280 1.5156 	 27.5720 1.5372 	 27.8740 1.5177 
43 	 35.7700 1.4097 	 40.6700 2.0343 	 34.1820 1.2726 	 35.1920 1.6007 	 31.5320 1.3349 	 31.9100 1.4023 
44 	 31.3100 1.5270 	 39.5340 1.7744 	 30.1680 1.3299 	 32.3100 1.5610 	 28.2380 1.3679 	 28.6500 1.3828 
45 	 33.2760 1.6065 	 40.5900 1.9930 	 32.2720 1.4968 	 34.2640 1.7263 	 30.7280 1.4499 	 30.8880 1.5035 
