Task 	 PA 	 PA_NV 	 PA_SL 	 HetOTL 	 HetOTL_SL 	 OTLHS 
1 	 37.8300 1.6422 	 43.2000 1.8852 	 37.7900 1.6471 	 39.0220 1.6293 	 33.9300 1.5976 	 33.9300 1.5976 
2 	 27.5600 1.2937 	 35.9220 1.5271 	 27.5080 1.3198 	 28.7640 1.4873 	 25.3500 1.3331 	 25.3500 1.3331 
3 	 38.2820 1.8077 	 39.5200 2.0763 	 38.1940 1.8592 	 36.1920 1.7117 	 31.7420 1.4775 	 31.7420 1.4775 
4 	 41.6700 1.7402 	 44.9860 1.9391 	 41.5920 1.7606 	 41.3060 1.7434 	 35.7440 1.5871 	 35.7440 1.5871 
5 	 32.7200 1.5106 	 41.0020 1.7971 	 32.6360 1.4767 	 33.5640 1.5166 	 30.0000 1.5061 	 30.0000 1.5061 
6 	 30.8020 1.4336 	 36.1880 1.6843 	 30.6760 1.4438 	 30.3260 1.4012 	 25.9360 1.2709 	 25.9360 1.2709 
7 	 40.0800 1.8344 	 44.8680 1.9184 	 40.0020 1.8564 	 40.0340 1.6325 	 37.3480 1.6900 	 37.3480 1.6900 
8 	 42.8920 2.0071 	 43.4200 1.7369 	 42.7700 1.9654 	 41.2060 2.0782 	 36.1380 1.6314 	 36.1380 1.6314 
9 	 33.1300 1.4876 	 38.8480 1.6688 	 33.0180 1.4894 	 33.4320 1.4362 	 28.6640 1.4606 	 28.6640 1.4606 
10 	 39.9160 1.8574 	 42.2300 1.8719 	 39.8600 1.8119 	 39.2440 1.7644 	 35.3120 1.7092 	 35.3120 1.7092 
11 	 30.7380 1.4855 	 36.8280 1.4796 	 30.6800 1.5058 	 31.1900 1.5897 	 26.3960 1.4453 	 26.3960 1.4453 
12 	 41.7140 1.9036 	 42.0620 1.9837 	 41.6940 1.8292 	 39.6820 2.0241 	 33.8860 1.4271 	 33.8860 1.4271 
13 	 31.0260 1.5212 	 40.9220 1.6658 	 30.9560 1.5041 	 33.4640 1.6470 	 29.6580 1.4884 	 29.6580 1.4884 
14 	 29.9400 1.3652 	 36.9960 1.6285 	 29.8800 1.3810 	 30.5540 1.5921 	 26.1240 1.3885 	 26.1240 1.3885 
15 	 35.2060 1.6919 	 37.3940 1.5895 	 35.1580 1.6993 	 33.2460 1.3989 	 27.9700 1.4632 	 27.9700 1.4632 
16 	 41.2500 1.8500 	 44.6580 2.1056 	 41.2020 1.8314 	 41.4220 1.9166 	 36.4540 1.4116 	 36.4540 1.4116 
17 	 32.7180 1.4056 	 39.8980 1.8163 	 32.6500 1.3977 	 33.7760 1.3749 	 29.7020 1.2991 	 29.7020 1.2991 
18 	 30.7460 1.5492 	 38.0920 1.6006 	 30.7280 1.5174 	 31.9880 1.4041 	 27.5320 1.3944 	 27.5320 1.3944 
19 	 30.3200 1.4553 	 36.8540 1.7108 	 30.2860 1.4140 	 30.3040 1.5092 	 25.3640 1.3664 	 25.3640 1.3664 
20 	 34.3780 1.4469 	 40.4540 1.8405 	 34.3180 1.4214 	 35.3540 1.6007 	 31.0500 1.5548 	 31.0500 1.5548 
21 	 35.4500 1.5563 	 42.7400 1.7894 	 35.4240 1.5333 	 36.4420 1.6137 	 33.8460 1.5450 	 33.8460 1.5450 
22 	 28.8300 1.3793 	 35.5000 1.6087 	 28.7700 1.4146 	 28.6500 1.3065 	 24.6200 1.1995 	 24.6200 1.1995 
23 	 31.2300 1.3988 	 38.8780 1.9388 	 31.1140 1.4083 	 31.3400 1.4138 	 29.0500 1.4919 	 29.0500 1.4919 
24 	 32.1240 1.5489 	 34.8680 1.7142 	 32.0100 1.5330 	 29.2920 1.4060 	 25.0800 1.3169 	 25.0800 1.3169 
25 	 26.7080 1.1555 	 36.1580 1.5288 	 26.6600 1.1570 	 28.3120 1.3569 	 24.3320 1.2021 	 24.3320 1.2021 
26 	 38.0100 1.5859 	 41.7480 1.9400 	 37.9460 1.5722 	 37.2240 1.7867 	 33.1600 1.5776 	 33.1600 1.5776 
27 	 33.5320 1.6278 	 40.9680 1.7386 	 33.4500 1.6222 	 34.9300 1.6593 	 31.2120 1.6675 	 31.2120 1.6675 
28 	 24.8180 1.3892 	 27.5780 1.5069 	 24.7520 1.3866 	 22.7800 1.1587 	 18.5280 1.0232 	 18.5280 1.0232 
29 	 41.8860 1.7591 	 40.5840 1.6829 	 41.8340 1.7464 	 39.2220 1.7956 	 34.1380 1.4756 	 34.1380 1.4756 
30 	 26.5680 1.4704 	 33.4040 1.6682 	 26.5060 1.4753 	 26.5040 1.3518 	 22.7700 1.3265 	 22.7700 1.3265 
31 	 45.4900 2.0415 	 46.3820 2.0253 	 45.4740 2.0156 	 44.6700 1.9419 	 39.7040 1.7573 	 39.7040 1.7573 
32 	 34.7660 1.6038 	 39.9240 1.8186 	 34.6760 1.5997 	 34.2140 1.6635 	 29.6520 1.5605 	 29.6520 1.5605 
33 	 31.9740 1.5798 	 39.4800 1.6875 	 31.8680 1.5828 	 33.5400 1.5270 	 29.8300 1.4203 	 29.8300 1.4203 
34 	 37.6620 1.6862 	 41.9160 1.8189 	 37.6080 1.6752 	 38.1080 1.8274 	 34.0980 1.7203 	 34.0980 1.7203 
35 	 26.7340 1.3086 	 34.6580 1.6407 	 26.7140 1.2934 	 27.3400 1.1443 	 23.3700 1.1670 	 23.3700 1.1670 
36 	 32.2180 1.4259 	 36.9040 1.6299 	 32.1140 1.4040 	 32.3700 1.5075 	 29.8460 1.4047 	 29.8460 1.4047 
37 	 39.0520 1.8739 	 39.7000 1.7123 	 39.0020 1.8655 	 36.9160 1.7853 	 32.4160 1.4577 	 32.4160 1.4577 
38 	 27.7760 1.4873 	 35.1320 1.4741 	 27.7140 1.4943 	 28.8100 1.5322 	 24.2780 1.3144 	 24.2780 1.3144 
39 	 30.9240 1.5410 	 39.9580 1.6763 	 30.8840 1.5396 	 33.1940 1.4671 	 29.6700 1.3422 	 29.6700 1.3422 
40 	 43.6700 1.8568 	 47.9260 1.9392 	 43.6220 1.8699 	 44.8820 1.9670 	 41.5760 2.1159 	 41.5760 2.1159 
41 	 32.0400 1.5098 	 39.5600 1.7389 	 31.9440 1.4915 	 33.1040 1.4322 	 29.2240 1.3148 	 29.2240 1.3148 
42 	 29.7740 1.4090 	 36.8940 1.6403 	 29.6960 1.3646 	 30.6000 1.4836 	 27.8740 1.5177 	 27.8740 1.5177 
43 	 35.7700 1.4097 	 40.6700 2.0315 	 35.6520 1.4012 	 35.7200 1.6817 	 31.9100 1.4023 	 31.9100 1.4023 
44 	 31.3100 1.5270 	 39.5360 1.7677 	 31.2000 1.5109 	 32.8120 1.5413 	 28.6500 1.3828 	 28.6500 1.3828 
45 	 33.2760 1.6065 	 40.5880 1.9951 	 33.2520 1.5783 	 34.5780 1.7757 	 30.8880 1.5035 	 30.8880 1.5035 
