Task 	 PA 	 PA_NV 	 PA_SL 	 HetOTL 	 HetOTL_SL 	 OTLHS 
1 	 84.7820 1.5565 	 77.6700 2.1334 	 90.6480 1.1502 	 164.2120 3.3881 	 263.8760 4.6549 	 264.3520 4.6238 
2 	 70.9400 1.8378 	 73.0640 1.8131 	 76.3320 1.5599 	 139.9320 3.5213 	 231.4320 5.1099 	 232.1640 5.2312 
3 	 82.4800 1.6146 	 76.8260 1.9601 	 88.0520 1.4427 	 157.5080 3.6862 	 249.6080 5.1777 	 250.4320 5.3463 
4 	 86.6420 1.4040 	 79.4080 1.8111 	 92.1840 1.2116 	 167.1400 3.2057 	 270.3120 4.5142 	 271.0840 4.6154 
5 	 76.7180 1.7709 	 76.9880 1.8306 	 82.5320 1.4962 	 152.7080 3.2960 	 251.1280 5.0833 	 251.4920 5.1771 
6 	 75.3120 1.5803 	 72.9240 1.7400 	 81.2660 1.3786 	 146.7040 3.2789 	 235.4440 4.2255 	 235.9280 4.2611 
7 	 78.5900 1.9110 	 80.6120 1.7516 	 85.4120 1.7272 	 159.2600 3.4467 	 288.6000 4.1977 	 289.1160 4.3834 
8 	 81.6500 1.6979 	 79.7280 1.7495 	 88.5540 1.5855 	 162.1440 3.3154 	 278.8480 4.8819 	 279.2480 5.0840 
9 	 77.1740 1.7734 	 76.1220 1.9307 	 83.1420 1.5932 	 153.1640 3.4611 	 246.7440 4.9174 	 247.2480 5.0744 
10 	 84.3820 1.4986 	 77.0300 1.8338 	 90.2300 1.3407 	 162.8520 3.2678 	 265.9160 4.3645 	 266.3720 4.5957 
11 	 75.3720 1.7051 	 74.2460 1.6312 	 81.1560 1.6029 	 147.6360 3.6418 	 238.5640 4.8526 	 238.9840 4.8978 
12 	 86.5260 1.5514 	 78.5060 1.9454 	 92.1320 1.2634 	 164.8480 3.8787 	 275.2640 4.7177 	 275.7640 4.5590 
13 	 78.3940 1.8945 	 79.3540 1.7940 	 84.7260 1.7284 	 157.4800 3.3265 	 259.8320 4.4131 	 260.1160 4.4872 
14 	 73.0760 1.7544 	 74.5420 2.0196 	 78.7480 1.7761 	 145.0280 3.8599 	 239.0280 4.6252 	 239.2680 4.7764 
15 	 80.6480 1.6875 	 75.2280 2.0275 	 86.7660 1.5704 	 152.8920 3.2842 	 251.0240 5.2127 	 251.3760 5.2226 
16 	 85.0560 1.4177 	 80.6400 1.9322 	 90.6820 1.2990 	 166.8320 2.9160 	 276.6520 4.9078 	 276.9000 4.9819 
17 	 79.3460 1.6068 	 76.6020 2.0342 	 85.7100 1.3443 	 156.6440 3.4107 	 265.8280 4.5668 	 265.9080 4.7516 
18 	 77.3060 1.7633 	 75.8880 1.7806 	 83.3520 1.5168 	 153.7760 3.3981 	 249.7640 4.6696 	 250.1240 4.7334 
19 	 76.9460 1.6428 	 74.5940 1.8516 	 82.9900 1.4040 	 150.1120 3.2591 	 238.3240 4.5825 	 238.7160 4.4677 
20 	 80.3620 1.5371 	 77.2900 1.9017 	 86.1140 1.3705 	 158.0160 3.3548 	 259.6280 4.5195 	 259.8680 4.4200 
21 	 79.7680 1.4920 	 80.9540 1.5977 	 86.3200 1.5114 	 160.7400 3.2582 	 287.9520 4.8350 	 287.8880 4.8739 
22 	 77.4020 1.4277 	 75.2520 1.7808 	 83.6780 1.3508 	 151.3800 3.3338 	 235.3920 4.6946 	 236.0960 4.8024 
23 	 72.9160 1.8242 	 77.7560 1.7036 	 78.7920 1.6507 	 148.6640 3.4849 	 275.0520 4.5990 	 275.2400 4.5874 
24 	 76.2780 1.4999 	 75.3360 1.7809 	 82.3460 1.3955 	 148.0880 3.5626 	 243.9560 4.0804 	 244.2400 4.1402 
25 	 74.2400 1.6025 	 75.4780 1.8865 	 80.3640 1.4359 	 148.1920 3.6530 	 234.2280 4.8310 	 234.6040 4.8531 
26 	 81.7460 1.7974 	 80.4040 1.7380 	 87.9960 1.4394 	 163.5400 3.1606 	 284.6720 4.1917 	 284.9720 4.0479 
27 	 80.8360 1.5963 	 81.0080 1.4653 	 87.3440 1.4105 	 163.1640 2.7290 	 272.3800 4.8753 	 272.5000 4.7555 
28 	 68.4040 1.5642 	 66.1100 1.9826 	 73.6900 1.5225 	 130.2800 3.7556 	 205.2120 4.8531 	 205.8080 4.8614 
29 	 81.3660 1.8927 	 77.5500 1.8096 	 88.6440 1.7297 	 159.5240 3.3470 	 260.6480 4.8502 	 261.0040 4.8166 
30 	 68.3620 1.7206 	 72.3920 1.7272 	 74.2420 1.4921 	 137.2400 3.4604 	 225.4080 5.1409 	 226.1240 5.0130 
31 	 88.1620 1.5009 	 80.9360 1.8001 	 93.3180 1.2417 	 170.6400 3.1858 	 296.4240 5.0714 	 296.6800 5.1053 
32 	 78.4760 1.7555 	 77.2400 1.9240 	 84.5360 1.5266 	 153.4800 3.2184 	 254.0160 4.9276 	 254.1760 4.7609 
33 	 79.6960 1.6252 	 75.8340 2.0287 	 85.9120 1.2188 	 155.6480 3.5292 	 252.9560 4.5169 	 253.5360 4.5666 
34 	 79.6220 1.6458 	 78.0120 1.8789 	 85.8080 1.5181 	 158.7600 3.3738 	 274.5680 5.1289 	 274.9840 5.1794 
35 	 75.6900 1.6606 	 71.4180 1.9330 	 81.9580 1.6049 	 144.3200 3.4894 	 227.7040 4.6414 	 228.2800 4.8607 
36 	 71.9080 1.9847 	 72.9880 1.7895 	 77.7280 1.7264 	 145.7760 3.6785 	 266.2840 4.8736 	 266.7360 4.9719 
37 	 80.2060 1.6449 	 76.2000 2.0615 	 86.7280 1.3646 	 155.8040 3.7018 	 261.4280 4.6049 	 261.8800 4.8227 
38 	 75.7360 1.5883 	 72.9620 1.8973 	 82.2360 1.2733 	 147.0680 3.9316 	 235.8040 4.8005 	 236.3680 4.8535 
39 	 77.5560 1.6304 	 76.8980 1.7804 	 83.2640 1.4600 	 154.9760 3.2913 	 254.2720 4.3372 	 254.7440 4.4633 
40 	 84.2840 1.8084 	 83.7000 1.4235 	 90.5480 1.4830 	 169.6400 3.2963 	 305.3280 4.4982 	 305.5760 4.6114 
41 	 78.5180 1.7914 	 78.5300 1.7159 	 84.3500 1.4482 	 157.4360 3.2725 	 260.9760 4.3326 	 261.1800 4.1594 
42 	 71.0200 1.6545 	 76.3040 1.6197 	 76.6960 1.7765 	 145.7320 3.1151 	 252.7600 5.0891 	 253.0960 5.1031 
43 	 77.5960 1.7997 	 79.0580 1.7708 	 83.4520 1.3811 	 156.1200 3.2717 	 276.7800 4.2211 	 277.1640 4.2416 
44 	 77.0380 1.7204 	 77.9420 1.6089 	 82.8780 1.5704 	 155.0840 3.4551 	 261.5040 5.0199 	 262.1840 4.9284 
45 	 77.6060 1.5022 	 78.2360 1.6912 	 83.8540 1.2358 	 157.5320 3.4904 	 269.4560 4.7029 	 269.8840 4.7977 
