Task 	 PA 	 PA_NV 	 PA_SL 	 HetOTL 	 HetOTL_SL 	 OTLHS 
1 	 37.8300 1.6422 	 43.2000 1.8852 	 37.5220 1.6473 	 38.9380 1.6560 	 33.8780 1.5850 	 33.9300 1.5976 
2 	 27.5600 1.2937 	 35.9220 1.5271 	 26.4760 1.1843 	 28.6420 1.4426 	 25.2480 1.2909 	 25.3500 1.3331 
3 	 38.2820 1.8077 	 39.5200 2.0763 	 37.3220 1.6639 	 36.0400 1.6320 	 31.6140 1.4456 	 31.7420 1.4775 
4 	 41.6700 1.7402 	 44.9860 1.9391 	 41.1220 1.7305 	 41.2040 1.8006 	 35.6540 1.6287 	 35.7440 1.5871 
5 	 32.7200 1.5106 	 41.0020 1.7971 	 31.5460 1.2936 	 33.4120 1.5376 	 29.9100 1.5089 	 30.0000 1.5061 
6 	 30.8020 1.4336 	 36.1880 1.6843 	 29.8280 1.2290 	 30.2500 1.3690 	 25.8520 1.2769 	 25.9360 1.2709 
7 	 40.0800 1.8344 	 44.8680 1.9184 	 38.4800 1.5178 	 39.9320 1.5907 	 37.2400 1.7254 	 37.3480 1.6900 
8 	 42.8920 2.0071 	 43.4200 1.7369 	 41.5980 1.8540 	 41.0600 2.0764 	 36.0640 1.6302 	 36.1380 1.6314 
9 	 33.1300 1.4876 	 38.8480 1.6688 	 31.8600 1.4443 	 33.3140 1.4310 	 28.5320 1.4350 	 28.6640 1.4606 
10 	 39.9160 1.8574 	 42.2280 1.8729 	 39.3600 1.5192 	 39.1560 1.7740 	 35.3040 1.7114 	 35.3120 1.7092 
11 	 30.7380 1.4855 	 36.8280 1.4796 	 29.7940 1.4607 	 31.1060 1.5770 	 26.3440 1.4431 	 26.3960 1.4453 
12 	 41.7140 1.9036 	 42.0620 1.9837 	 41.3200 1.7366 	 39.5080 1.9720 	 33.7780 1.4357 	 33.8860 1.4271 
13 	 31.0260 1.5212 	 40.9220 1.6658 	 30.6660 1.4595 	 33.4280 1.5848 	 29.6580 1.4632 	 29.6580 1.4884 
14 	 29.9400 1.3652 	 36.9960 1.6285 	 28.8520 1.3969 	 30.3840 1.6097 	 26.0180 1.3508 	 26.1240 1.3885 
15 	 35.2060 1.6919 	 37.3940 1.5895 	 34.5620 1.3495 	 33.1860 1.4840 	 27.9020 1.4468 	 27.9700 1.4632 
16 	 41.2500 1.8500 	 44.6580 2.1056 	 40.5320 1.7304 	 41.3000 1.8797 	 36.4020 1.4440 	 36.4540 1.4116 
17 	 32.7180 1.4056 	 39.8980 1.8163 	 32.0480 1.3906 	 33.6840 1.3793 	 29.6740 1.3414 	 29.7020 1.2991 
18 	 30.7460 1.5492 	 38.0920 1.6006 	 30.1440 1.3906 	 31.9160 1.4582 	 27.4840 1.3988 	 27.5320 1.3944 
19 	 30.3200 1.4553 	 36.8540 1.7108 	 29.7400 1.2944 	 30.1760 1.5029 	 25.2700 1.3664 	 25.3640 1.3664 
20 	 34.3780 1.4469 	 40.4540 1.8405 	 33.8800 1.3627 	 35.2920 1.5900 	 31.0180 1.4926 	 31.0500 1.5548 
21 	 35.4500 1.5563 	 42.7400 1.7894 	 34.6880 1.4271 	 36.4040 1.6143 	 33.7620 1.5644 	 33.8460 1.5450 
22 	 28.8300 1.3793 	 35.5000 1.6087 	 28.5660 1.3160 	 28.5720 1.3018 	 24.5520 1.1793 	 24.6200 1.1995 
23 	 31.2300 1.3988 	 38.8780 1.9388 	 29.6740 1.2876 	 31.2840 1.4344 	 28.9860 1.4137 	 29.0500 1.4919 
24 	 32.1240 1.5489 	 34.8680 1.7142 	 31.0240 1.4587 	 29.1900 1.4434 	 24.9760 1.3355 	 25.0800 1.3169 
25 	 26.7080 1.1555 	 36.1580 1.5288 	 25.9600 1.1892 	 28.2620 1.3510 	 24.2720 1.2152 	 24.3320 1.2021 
26 	 38.0100 1.5859 	 41.7480 1.9400 	 37.0580 1.5480 	 37.1480 1.6891 	 33.0920 1.5451 	 33.1600 1.5776 
27 	 33.5320 1.6278 	 40.9680 1.7386 	 32.8680 1.5158 	 34.9020 1.6413 	 31.1860 1.6571 	 31.2120 1.6675 
28 	 24.8180 1.3892 	 27.5780 1.5069 	 23.8500 1.1981 	 22.6020 1.1914 	 18.4420 1.0251 	 18.5280 1.0232 
29 	 41.8860 1.7591 	 40.5840 1.6829 	 40.7820 1.8233 	 39.1420 1.7946 	 34.0400 1.4972 	 34.1380 1.4756 
30 	 26.5680 1.4704 	 33.4040 1.6682 	 25.5380 1.3320 	 26.4540 1.3245 	 22.7100 1.2913 	 22.7700 1.3265 
31 	 45.4900 2.0415 	 46.3820 2.0253 	 44.9840 2.0052 	 44.5920 2.0265 	 39.5760 1.7687 	 39.7040 1.7573 
32 	 34.7660 1.6038 	 39.9240 1.8186 	 33.7540 1.4677 	 34.0880 1.5540 	 29.6220 1.5985 	 29.6520 1.5605 
33 	 31.9740 1.5798 	 39.4800 1.6875 	 31.3860 1.4698 	 33.4360 1.5296 	 29.7860 1.4022 	 29.8300 1.4203 
34 	 37.6620 1.6862 	 41.9160 1.8189 	 36.4820 1.5136 	 37.9880 1.7856 	 34.0460 1.7421 	 34.0980 1.7203 
35 	 26.7340 1.3086 	 34.6580 1.6407 	 26.2620 1.2766 	 27.2340 1.1065 	 23.3260 1.1437 	 23.3700 1.1670 
36 	 32.2180 1.4259 	 36.9040 1.6299 	 30.3900 1.3916 	 32.1580 1.5269 	 29.6320 1.4594 	 29.8460 1.4047 
37 	 39.0520 1.8739 	 39.7000 1.7123 	 37.8120 1.6927 	 36.8000 1.7530 	 32.3440 1.4245 	 32.4160 1.4577 
38 	 27.7760 1.4873 	 35.1320 1.4741 	 27.2520 1.4049 	 28.6980 1.5685 	 24.2260 1.3510 	 24.2780 1.3144 
39 	 30.9240 1.5410 	 39.9580 1.6763 	 29.9360 1.3520 	 33.1140 1.5086 	 29.5960 1.3553 	 29.6700 1.3422 
40 	 43.6700 1.8568 	 47.9260 1.9392 	 42.5740 1.8221 	 44.8200 1.9808 	 41.4440 2.0405 	 41.5760 2.1159 
41 	 32.0400 1.5098 	 39.5600 1.7389 	 31.2260 1.5154 	 33.0720 1.3994 	 29.1480 1.2951 	 29.2240 1.3148 
42 	 29.7740 1.4090 	 36.8940 1.6403 	 28.2040 1.2342 	 30.4780 1.5143 	 27.7480 1.5284 	 27.8740 1.5177 
43 	 35.7700 1.4097 	 40.6700 2.0315 	 34.3200 1.2864 	 35.5300 1.6683 	 31.7800 1.3948 	 31.9100 1.4023 
44 	 31.3100 1.5270 	 39.5360 1.7677 	 30.2900 1.3799 	 32.6680 1.4932 	 28.5300 1.3699 	 28.6500 1.3828 
45 	 33.2760 1.6065 	 40.5880 1.9951 	 32.3220 1.4520 	 34.4840 1.7420 	 30.8640 1.4669 	 30.8880 1.5035 
