Task 	 PA 	 PA_NV 	 PA_SL 	 HetOTL 	 HetOTL_SL 	 OTLHS 
1 	 0.0061 0.0014 	 0.0148 0.0033 	 0.0124 0.0029 	 0.0192 0.0043 	 0.0427 0.0084 	 0.0434 0.0090 
2 	 0.0060 0.0014 	 0.0144 0.0030 	 0.0121 0.0028 	 0.0184 0.0040 	 0.0418 0.0080 	 0.0409 0.0077 
3 	 0.0066 0.0015 	 0.0165 0.0037 	 0.0132 0.0031 	 0.0207 0.0045 	 0.0468 0.0094 	 0.0449 0.0093 
4 	 0.0061 0.0014 	 0.0158 0.0033 	 0.0126 0.0028 	 0.0202 0.0044 	 0.0451 0.0089 	 0.0447 0.0086 
5 	 0.0064 0.0016 	 0.0164 0.0035 	 0.0127 0.0031 	 0.0200 0.0041 	 0.0456 0.0084 	 0.0439 0.0081 
6 	 0.0060 0.0013 	 0.0155 0.0033 	 0.0120 0.0027 	 0.0196 0.0043 	 0.0441 0.0086 	 0.0430 0.0082 
7 	 0.0064 0.0016 	 0.0159 0.0034 	 0.0130 0.0031 	 0.0206 0.0045 	 0.0456 0.0092 	 0.0458 0.0092 
8 	 0.0062 0.0015 	 0.0158 0.0035 	 0.0124 0.0029 	 0.0206 0.0047 	 0.0454 0.0093 	 0.0452 0.0091 
9 	 0.0063 0.0015 	 0.0165 0.0037 	 0.0128 0.0030 	 0.0205 0.0046 	 0.0458 0.0093 	 0.0445 0.0093 
10 	 0.0061 0.0014 	 0.0157 0.0034 	 0.0124 0.0028 	 0.0197 0.0044 	 0.0452 0.0094 	 0.0437 0.0088 
11 	 0.0060 0.0014 	 0.0154 0.0034 	 0.0121 0.0028 	 0.0196 0.0042 	 0.0434 0.0084 	 0.0436 0.0087 
12 	 0.0075 0.0014 	 0.0193 0.0033 	 0.0153 0.0026 	 0.0244 0.0039 	 0.0534 0.0085 	 0.0544 0.0074 
13 	 0.0073 0.0014 	 0.0187 0.0035 	 0.0147 0.0029 	 0.0234 0.0044 	 0.0525 0.0091 	 0.0524 0.0087 
14 	 0.0073 0.0014 	 0.0189 0.0034 	 0.0150 0.0027 	 0.0243 0.0038 	 0.0541 0.0079 	 0.0532 0.0085 
15 	 0.0075 0.0013 	 0.0196 0.0030 	 0.0154 0.0026 	 0.0250 0.0035 	 0.0549 0.0076 	 0.0546 0.0075 
16 	 0.0070 0.0015 	 0.0184 0.0037 	 0.0145 0.0030 	 0.0232 0.0045 	 0.0521 0.0090 	 0.0511 0.0093 
17 	 0.0071 0.0015 	 0.0182 0.0037 	 0.0141 0.0030 	 0.0229 0.0045 	 0.0514 0.0088 	 0.0504 0.0092 
18 	 0.0074 0.0014 	 0.0188 0.0034 	 0.0150 0.0027 	 0.0233 0.0046 	 0.0527 0.0083 	 0.0522 0.0089 
19 	 0.0070 0.0015 	 0.0185 0.0036 	 0.0145 0.0030 	 0.0238 0.0045 	 0.0531 0.0094 	 0.0524 0.0090 
20 	 0.0069 0.0015 	 0.0180 0.0038 	 0.0140 0.0030 	 0.0229 0.0045 	 0.0510 0.0093 	 0.0500 0.0093 
21 	 0.0071 0.0015 	 0.0186 0.0037 	 0.0144 0.0030 	 0.0231 0.0046 	 0.0523 0.0093 	 0.0515 0.0094 
22 	 0.0068 0.0015 	 0.0180 0.0038 	 0.0138 0.0029 	 0.0228 0.0045 	 0.0508 0.0095 	 0.0504 0.0097 
23 	 0.0069 0.0016 	 0.0176 0.0040 	 0.0140 0.0031 	 0.0228 0.0048 	 0.0495 0.0099 	 0.0497 0.0097 
24 	 0.0070 0.0016 	 0.0180 0.0038 	 0.0140 0.0030 	 0.0226 0.0049 	 0.0497 0.0096 	 0.0500 0.0094 
25 	 0.0069 0.0016 	 0.0179 0.0039 	 0.0139 0.0031 	 0.0222 0.0047 	 0.0499 0.0097 	 0.0495 0.0095 
26 	 0.0071 0.0015 	 0.0183 0.0037 	 0.0141 0.0030 	 0.0224 0.0048 	 0.0508 0.0098 	 0.0498 0.0095 
27 	 0.0072 0.0015 	 0.0190 0.0036 	 0.0146 0.0030 	 0.0241 0.0043 	 0.0532 0.0088 	 0.0529 0.0087 
28 	 0.0071 0.0015 	 0.0188 0.0036 	 0.0146 0.0029 	 0.0233 0.0048 	 0.0522 0.0091 	 0.0522 0.0090 
29 	 0.0068 0.0016 	 0.0175 0.0038 	 0.0138 0.0031 	 0.0226 0.0046 	 0.0497 0.0094 	 0.0499 0.0095 
30 	 0.0068 0.0015 	 0.0180 0.0038 	 0.0139 0.0031 	 0.0226 0.0048 	 0.0512 0.0095 	 0.0503 0.0097 
31 	 0.0069 0.0015 	 0.0179 0.0038 	 0.0139 0.0030 	 0.0226 0.0049 	 0.0500 0.0097 	 0.0496 0.0097 
32 	 0.0068 0.0016 	 0.0181 0.0038 	 0.0139 0.0031 	 0.0228 0.0047 	 0.0511 0.0092 	 0.0506 0.0093 
33 	 0.0071 0.0015 	 0.0185 0.0036 	 0.0145 0.0031 	 0.0224 0.0049 	 0.0505 0.0097 	 0.0510 0.0093 
34 	 0.0073 0.0014 	 0.0189 0.0035 	 0.0149 0.0027 	 0.0235 0.0043 	 0.0521 0.0091 	 0.0522 0.0086 
35 	 0.0069 0.0016 	 0.0179 0.0040 	 0.0139 0.0031 	 0.0221 0.0048 	 0.0500 0.0098 	 0.0492 0.0097 
36 	 0.0073 0.0015 	 0.0188 0.0034 	 0.0146 0.0030 	 0.0232 0.0044 	 0.0526 0.0090 	 0.0512 0.0091 
37 	 0.0071 0.0015 	 0.0180 0.0038 	 0.0145 0.0029 	 0.0230 0.0046 	 0.0505 0.0096 	 0.0517 0.0089 
38 	 0.0071 0.0015 	 0.0184 0.0037 	 0.0143 0.0030 	 0.0226 0.0049 	 0.0504 0.0096 	 0.0506 0.0091 
39 	 0.0068 0.0016 	 0.0177 0.0038 	 0.0139 0.0031 	 0.0218 0.0048 	 0.0497 0.0097 	 0.0491 0.0094 
40 	 0.0070 0.0015 	 0.0182 0.0039 	 0.0144 0.0030 	 0.0234 0.0045 	 0.0513 0.0093 	 0.0516 0.0087 
41 	 0.0067 0.0016 	 0.0176 0.0039 	 0.0136 0.0031 	 0.0223 0.0049 	 0.0500 0.0100 	 0.0488 0.0099 
42 	 0.0072 0.0015 	 0.0186 0.0036 	 0.0145 0.0029 	 0.0233 0.0045 	 0.0520 0.0090 	 0.0510 0.0090 
43 	 0.0071 0.0015 	 0.0185 0.0037 	 0.0144 0.0030 	 0.0232 0.0045 	 0.0519 0.0094 	 0.0517 0.0094 
44 	 0.0073 0.0015 	 0.0186 0.0037 	 0.0147 0.0030 	 0.0234 0.0045 	 0.0520 0.0093 	 0.0521 0.0092 
45 	 0.0075 0.0014 	 0.0192 0.0032 	 0.0150 0.0028 	 0.0240 0.0041 	 0.0536 0.0083 	 0.0530 0.0085 
