Task 	 PA 	 PA_NV 	 PA_SL 	 HetOTL 	 HetOTL_SL 	 OTLHS 
1 	 37.8300 1.6422 	 49.9040 2.1930 	 37.4460 1.6495 	 44.8620 1.8601 	 41.2000 2.0221 	 41.2680 2.0482 
2 	 27.5600 1.2937 	 50.1540 2.2969 	 26.4820 1.2131 	 32.7420 1.3953 	 29.0560 1.5440 	 29.3900 1.5519 
3 	 38.2820 1.8077 	 50.3400 2.2607 	 37.4220 1.6200 	 43.5220 2.1411 	 39.1240 1.8363 	 39.2260 1.9369 
4 	 41.6700 1.7402 	 50.0800 2.0044 	 41.1780 1.6578 	 46.9760 2.1800 	 43.7200 1.6904 	 43.8260 1.7437 
5 	 32.7200 1.5106 	 49.9940 2.1054 	 31.5860 1.3197 	 38.2200 1.7295 	 35.3620 1.7935 	 35.5300 1.8504 
6 	 30.8020 1.4336 	 50.6180 2.3066 	 29.9140 1.2145 	 37.2740 1.6893 	 33.4500 1.8165 	 33.6080 1.7761 
7 	 40.0800 1.8344 	 50.1160 2.3395 	 38.5960 1.5640 	 43.2800 1.9112 	 42.9260 2.0190 	 43.1980 2.0330 
8 	 42.8920 2.0071 	 49.9400 2.0549 	 41.5460 1.8142 	 46.2600 2.0427 	 43.3900 1.9824 	 43.5840 2.0112 
9 	 33.1300 1.4876 	 50.1460 2.0465 	 31.8640 1.4572 	 39.4020 1.6780 	 34.7060 1.9556 	 34.7660 1.9027 
10 	 39.9160 1.8574 	 50.2420 2.2221 	 39.2920 1.6187 	 45.7500 1.9030 	 42.4960 2.1721 	 42.6340 2.2175 
11 	 30.7380 1.4855 	 50.3300 2.3621 	 29.8220 1.4475 	 37.0060 1.7262 	 33.8080 1.9833 	 33.9180 1.9351 
12 	 41.7140 1.9036 	 50.1060 2.1281 	 41.3200 1.7463 	 46.9480 2.0094 	 45.1660 2.1375 	 45.2020 2.1587 
13 	 31.0260 1.5212 	 49.7680 2.2205 	 30.5380 1.4455 	 39.0520 1.9003 	 34.8420 1.8820 	 34.9600 1.8873 
14 	 29.9400 1.3652 	 50.2120 2.0743 	 28.8760 1.3879 	 35.2880 1.5728 	 31.1340 1.7179 	 31.2880 1.7245 
15 	 35.2060 1.6919 	 50.6420 2.4523 	 34.5740 1.4009 	 41.9500 1.8646 	 37.5580 1.9968 	 37.7060 2.0462 
16 	 41.2500 1.8500 	 49.9620 2.5358 	 40.5520 1.7941 	 45.9300 2.2035 	 43.6340 1.8959 	 43.7220 1.8852 
17 	 32.7180 1.4056 	 50.0200 2.1587 	 32.1200 1.4216 	 40.5260 1.5913 	 37.0300 1.8459 	 37.1600 1.8552 
18 	 30.7460 1.5492 	 49.8180 2.5504 	 30.1940 1.4479 	 38.1560 1.7966 	 33.0780 1.7216 	 33.2040 1.7207 
19 	 30.3200 1.4553 	 49.9940 2.2701 	 29.8080 1.2902 	 37.4480 1.6605 	 34.5700 1.8456 	 34.7080 1.8489 
20 	 34.3780 1.4469 	 49.7560 2.1793 	 33.8320 1.4477 	 40.9520 1.7853 	 36.8600 2.1033 	 36.9840 2.0520 
21 	 35.4500 1.5563 	 50.0720 2.0206 	 34.6040 1.4171 	 41.2500 1.9277 	 41.9060 1.6467 	 42.0720 1.6991 
22 	 28.8300 1.3793 	 49.8720 2.2363 	 28.4460 1.2955 	 37.4780 1.7053 	 33.9480 1.9037 	 34.0600 1.8919 
23 	 31.2300 1.3988 	 49.8280 2.1907 	 29.7180 1.3577 	 35.5120 1.7630 	 36.2040 1.7800 	 36.4800 1.7139 
24 	 32.1240 1.5489 	 50.0440 2.3318 	 31.0380 1.4416 	 38.1600 1.8304 	 35.7880 1.6887 	 35.8960 1.7427 
25 	 26.7080 1.1555 	 50.0820 2.0855 	 25.9100 1.2402 	 34.8520 1.4427 	 30.0740 1.5434 	 30.2200 1.5610 
26 	 38.0100 1.5859 	 49.8600 2.1442 	 37.1160 1.4606 	 43.3340 1.9343 	 39.7840 2.0480 	 39.9860 2.0676 
27 	 33.5320 1.6278 	 50.3080 2.0031 	 32.8680 1.4034 	 41.7960 1.6116 	 38.2780 2.0815 	 38.3400 2.0514 
28 	 24.8180 1.3892 	 50.2080 2.4271 	 23.8140 1.2261 	 30.7360 1.5804 	 27.3700 1.5537 	 27.6360 1.5654 
29 	 41.8860 1.7591 	 50.0940 2.3815 	 40.9140 1.9133 	 45.9660 2.2629 	 41.3680 1.9700 	 41.5560 1.9684 
30 	 26.5680 1.4704 	 50.5320 2.0793 	 25.5120 1.4025 	 32.1380 1.6150 	 29.7160 1.6622 	 30.0880 1.6744 
31 	 45.4900 2.0415 	 49.9100 2.2857 	 45.0500 2.0442 	 48.3860 2.2581 	 46.3920 2.2047 	 46.4340 2.2169 
32 	 34.7660 1.6038 	 49.7420 2.4353 	 33.8280 1.5544 	 40.3140 1.8178 	 37.8800 1.6870 	 38.0480 1.7137 
33 	 31.9740 1.5798 	 50.3340 2.0724 	 31.3060 1.4704 	 40.2900 1.7573 	 37.7180 1.9929 	 37.7980 2.0090 
34 	 37.6620 1.6862 	 50.2120 2.2953 	 36.6300 1.5905 	 42.5200 1.8770 	 41.3380 2.1342 	 41.6140 2.1182 
35 	 26.7340 1.3086 	 49.8900 2.5302 	 26.4160 1.2645 	 35.3480 1.8307 	 33.2480 1.8839 	 33.3020 1.9222 
36 	 32.2180 1.4259 	 50.5320 2.2322 	 30.3920 1.4525 	 35.9200 1.7599 	 35.3500 2.0458 	 35.8400 2.1240 
37 	 39.0520 1.8739 	 50.2140 2.1349 	 37.8460 1.6561 	 43.3540 1.9292 	 41.2220 1.9054 	 41.3440 1.8867 
38 	 27.7760 1.4873 	 50.4880 2.5947 	 27.2120 1.4641 	 36.5240 1.7244 	 33.1740 1.8252 	 33.3080 1.8417 
39 	 30.9240 1.5410 	 50.2160 2.1781 	 29.8920 1.3831 	 38.0480 1.6204 	 34.6640 1.7854 	 34.7600 1.7433 
40 	 43.6700 1.8568 	 50.2960 2.3537 	 42.5620 1.7987 	 46.9860 2.1896 	 46.0040 2.3834 	 46.1060 2.4026 
41 	 32.0400 1.5098 	 50.2760 2.1227 	 31.2240 1.5232 	 39.4100 1.4965 	 35.7080 1.7383 	 35.7680 1.6631 
42 	 29.7740 1.4090 	 49.9880 1.8569 	 28.2020 1.2409 	 34.3500 1.4223 	 32.6020 1.6732 	 32.8760 1.6626 
43 	 35.7700 1.4097 	 50.1100 2.3578 	 34.3700 1.3625 	 40.3560 1.7513 	 38.5000 1.8000 	 38.7120 1.8080 
44 	 31.3100 1.5270 	 50.1220 2.2865 	 30.2200 1.4032 	 38.1220 1.7766 	 34.0160 1.8047 	 34.3420 1.7278 
45 	 33.2760 1.6065 	 50.2020 2.1730 	 32.3460 1.5342 	 39.8160 1.8371 	 37.2080 1.8571 	 37.3400 1.9013 
