Task 	 PA 	 PA_NV 	 PA_SL 	 HetOTL 	 HetOTL_SL 	 OTLHS 
1 	 84.7820 1.5565 	 72.5820 2.3338 	 91.9620 1.1423 	 165.5280 3.7391 	 318.9880 4.8978 	 318.5680 4.8249 
2 	 70.9400 1.8378 	 72.7500 2.1889 	 78.1940 1.6491 	 142.6080 3.7296 	 267.4760 4.9357 	 267.4360 4.9046 
3 	 82.4800 1.6146 	 73.5440 2.2713 	 89.5140 1.4268 	 159.1920 3.8914 	 303.7600 4.4882 	 303.3400 4.5587 
4 	 86.6420 1.4040 	 73.4780 2.1599 	 93.3260 1.1089 	 166.9560 3.3826 	 313.2680 4.7936 	 312.8640 4.5889 
5 	 76.7180 1.7709 	 73.1880 2.2480 	 84.2740 1.6679 	 152.5200 3.8971 	 297.1440 4.9564 	 296.8720 4.9926 
6 	 75.3120 1.5803 	 73.6100 2.0557 	 83.0220 1.3692 	 151.3880 3.2943 	 290.6760 4.4545 	 290.4040 4.3222 
7 	 78.5900 1.9110 	 74.3160 2.1159 	 86.6180 1.6849 	 152.8200 4.0523 	 304.0560 4.7516 	 303.1200 4.8719 
8 	 81.6500 1.6979 	 73.1900 2.1140 	 89.6540 1.4765 	 158.2080 3.6259 	 308.0880 4.4649 	 307.0840 4.5827 
9 	 77.1740 1.7734 	 73.4740 1.9513 	 84.7380 1.6130 	 154.0120 4.0599 	 284.5240 5.0007 	 284.4720 4.8746 
10 	 84.3820 1.4986 	 73.0100 2.1592 	 91.3940 1.2702 	 164.2320 3.8502 	 317.6600 4.2996 	 317.1320 4.3818 
11 	 75.3720 1.7051 	 72.8100 2.3035 	 82.9500 1.5861 	 151.7280 3.9270 	 287.3440 4.9425 	 287.2160 4.9982 
12 	 86.5260 1.5514 	 73.2060 2.1756 	 93.2440 1.1873 	 166.6280 3.6481 	 323.8680 4.7892 	 323.3000 4.5979 
13 	 78.3940 1.8945 	 72.8200 2.3186 	 86.3260 1.6351 	 157.7040 3.7297 	 294.3320 4.2618 	 294.2040 4.2604 
14 	 73.0760 1.7544 	 72.9320 2.4750 	 80.5780 1.7793 	 144.6280 3.7347 	 280.3120 5.1975 	 280.2760 5.3156 
15 	 80.6480 1.6875 	 73.0300 2.4165 	 88.2240 1.5166 	 157.2840 4.4241 	 311.4920 4.4276 	 311.2200 4.5002 
16 	 85.0560 1.4177 	 73.2440 2.1110 	 91.8800 1.2027 	 164.7240 3.6743 	 314.8560 4.9912 	 314.4840 5.1169 
17 	 79.3460 1.6068 	 72.8400 2.1964 	 87.1220 1.4182 	 158.4800 3.7255 	 301.9720 3.9102 	 301.8000 3.9844 
18 	 77.3060 1.7633 	 73.2400 2.2171 	 84.8440 1.6195 	 155.0920 3.7298 	 288.8720 4.5697 	 288.9200 4.4855 
19 	 76.9460 1.6428 	 73.2500 2.0836 	 84.6580 1.4837 	 153.2640 3.4912 	 289.1120 5.0242 	 288.7640 4.9460 
20 	 80.3620 1.5371 	 73.1600 2.3087 	 87.5240 1.2989 	 159.0080 3.8821 	 300.0480 4.8011 	 299.8000 4.8743 
21 	 79.7680 1.4920 	 74.4360 2.0381 	 87.6360 1.4060 	 156.8600 3.4706 	 309.2400 4.6127 	 308.5440 4.6106 
22 	 77.4020 1.4277 	 73.3060 2.2833 	 85.3380 1.2632 	 157.7280 3.6252 	 294.7440 4.5561 	 294.4400 4.5817 
23 	 72.9160 1.8242 	 73.8480 2.0946 	 80.3320 1.6719 	 143.6600 3.6530 	 288.2320 5.1506 	 287.8160 5.1928 
24 	 76.2780 1.4999 	 73.2180 2.1407 	 83.9840 1.3850 	 151.6400 3.5261 	 295.3200 4.1920 	 295.1320 4.1670 
25 	 74.2400 1.6025 	 72.9420 1.8570 	 82.1720 1.4259 	 153.0560 3.3061 	 284.2600 4.3023 	 284.3440 4.4379 
26 	 81.7460 1.7974 	 73.3880 2.1007 	 89.1280 1.4158 	 160.3960 3.8846 	 303.1200 4.8252 	 302.5240 4.9995 
27 	 80.8360 1.5963 	 74.0720 2.0506 	 88.8100 1.4195 	 161.2880 3.6927 	 303.7200 4.8059 	 303.4440 4.8940 
28 	 68.4040 1.5642 	 72.5080 2.4001 	 75.9400 1.5188 	 140.0720 3.6649 	 269.4400 4.5358 	 269.6440 4.6723 
29 	 81.3660 1.8927 	 73.2180 2.2038 	 89.8700 1.7189 	 157.6640 4.5443 	 303.9200 4.9691 	 303.2160 5.0791 
30 	 68.3620 1.7206 	 73.4420 2.1013 	 76.1880 1.5595 	 140.6080 3.4669 	 274.5240 4.5175 	 275.2840 4.7069 
31 	 88.1620 1.5009 	 74.4600 2.2346 	 94.1260 1.1598 	 167.6440 3.6426 	 328.3080 3.9220 	 327.6960 4.0769 
32 	 78.4760 1.7555 	 73.3980 2.3083 	 86.0740 1.5862 	 154.8920 4.1844 	 302.2240 4.8333 	 301.7080 5.0474 
33 	 79.6960 1.6252 	 72.7320 2.2170 	 87.3440 1.1906 	 159.1560 4.0076 	 300.3600 4.5292 	 299.9400 4.5669 
34 	 79.6220 1.6458 	 72.8840 2.2759 	 87.1740 1.4385 	 156.4680 3.7385 	 303.4120 4.0404 	 302.8120 4.1169 
35 	 75.6900 1.6606 	 72.4020 2.5412 	 83.8240 1.5833 	 154.8680 4.0954 	 291.5600 4.6753 	 291.4760 4.5638 
36 	 71.9080 1.9847 	 71.2920 2.2712 	 79.1140 1.6522 	 143.6760 4.0600 	 276.8840 4.7309 	 276.8760 4.8485 
37 	 80.2060 1.6449 	 72.8660 2.0517 	 88.2300 1.3901 	 156.4080 3.6572 	 309.2520 4.7658 	 308.6680 4.6824 
38 	 75.7360 1.5883 	 72.6580 2.5902 	 83.9820 1.3813 	 155.1360 3.8035 	 291.9880 4.0388 	 291.8000 4.0296 
39 	 77.5560 1.6304 	 73.4560 1.9674 	 84.9320 1.3713 	 155.2480 3.8473 	 289.1440 4.9145 	 289.1040 4.9056 
40 	 84.2840 1.8084 	 74.9580 1.9157 	 91.4260 1.4101 	 160.7560 3.9360 	 312.2520 4.8401 	 311.4120 4.8929 
41 	 78.5180 1.7914 	 74.4420 2.2395 	 85.9720 1.3987 	 156.9880 3.9945 	 291.7120 4.8983 	 291.4760 4.7515 
42 	 71.0200 1.6545 	 74.0480 2.0477 	 78.2840 1.7158 	 142.6800 3.6317 	 273.5120 4.7129 	 273.7200 4.7860 
43 	 77.5960 1.7997 	 74.6480 2.1462 	 84.8320 1.3417 	 152.5520 3.6176 	 296.4560 3.7871 	 296.0640 3.8057 
44 	 77.0380 1.7204 	 74.4000 2.2515 	 84.2780 1.5730 	 154.8600 3.5815 	 287.0960 4.4136 	 287.6080 4.4480 
45 	 77.6060 1.5022 	 73.2120 2.0201 	 85.3180 1.2621 	 155.8000 3.5987 	 295.7600 5.2742 	 295.3360 5.2290 
