Task 	 PA 	 PA_NV 	 PA_SL 	 HetOTL 	 HetOTL_SL 	 OTLHS 
1 	 0.0052 0.0007 	 0.0112 0.0014 	 0.0091 0.0010 	 0.0148 0.0016 	 0.0314 0.0037 	 0.0310 0.0031 
2 	 0.0051 0.0005 	 0.0110 0.0014 	 0.0090 0.0008 	 0.0144 0.0011 	 0.0311 0.0024 	 0.0307 0.0019 
3 	 0.0050 0.0004 	 0.0107 0.0007 	 0.0088 0.0006 	 0.0143 0.0013 	 0.0293 0.0022 	 0.0291 0.0021 
4 	 0.0052 0.0008 	 0.0113 0.0018 	 0.0091 0.0013 	 0.0150 0.0021 	 0.0314 0.0042 	 0.0312 0.0042 
5 	 0.0052 0.0008 	 0.0111 0.0015 	 0.0093 0.0014 	 0.0146 0.0021 	 0.0307 0.0033 	 0.0310 0.0045 
6 	 0.0052 0.0008 	 0.0110 0.0013 	 0.0093 0.0015 	 0.0147 0.0021 	 0.0307 0.0037 	 0.0305 0.0039 
7 	 0.0053 0.0008 	 0.0114 0.0017 	 0.0098 0.0015 	 0.0150 0.0020 	 0.0332 0.0042 	 0.0329 0.0040 
8 	 0.0051 0.0006 	 0.0110 0.0012 	 0.0093 0.0011 	 0.0148 0.0018 	 0.0318 0.0033 	 0.0317 0.0037 
9 	 0.0051 0.0006 	 0.0110 0.0011 	 0.0090 0.0010 	 0.0145 0.0010 	 0.0306 0.0024 	 0.0304 0.0025 
10 	 0.0052 0.0005 	 0.0111 0.0011 	 0.0091 0.0010 	 0.0146 0.0012 	 0.0314 0.0031 	 0.0310 0.0028 
11 	 0.0051 0.0006 	 0.0108 0.0012 	 0.0091 0.0011 	 0.0144 0.0018 	 0.0299 0.0036 	 0.0293 0.0026 
12 	 0.0053 0.0010 	 0.0114 0.0020 	 0.0095 0.0017 	 0.0150 0.0023 	 0.0318 0.0047 	 0.0314 0.0042 
13 	 0.0054 0.0011 	 0.0116 0.0021 	 0.0096 0.0017 	 0.0152 0.0027 	 0.0321 0.0054 	 0.0318 0.0052 
14 	 0.0052 0.0009 	 0.0108 0.0014 	 0.0092 0.0015 	 0.0144 0.0018 	 0.0300 0.0034 	 0.0300 0.0039 
15 	 0.0052 0.0007 	 0.0109 0.0014 	 0.0093 0.0013 	 0.0148 0.0021 	 0.0308 0.0039 	 0.0305 0.0035 
16 	 0.0051 0.0005 	 0.0111 0.0011 	 0.0090 0.0009 	 0.0147 0.0012 	 0.0313 0.0020 	 0.0317 0.0061 
17 	 0.0051 0.0005 	 0.0108 0.0009 	 0.0093 0.0008 	 0.0144 0.0010 	 0.0312 0.0023 	 0.0311 0.0025 
18 	 0.0052 0.0007 	 0.0110 0.0014 	 0.0094 0.0013 	 0.0146 0.0017 	 0.0312 0.0041 	 0.0307 0.0033 
19 	 0.0053 0.0010 	 0.0113 0.0019 	 0.0096 0.0017 	 0.0147 0.0019 	 0.0304 0.0044 	 0.0304 0.0044 
20 	 0.0052 0.0007 	 0.0111 0.0016 	 0.0094 0.0014 	 0.0150 0.0023 	 0.0313 0.0033 	 0.0315 0.0043 
21 	 0.0052 0.0005 	 0.0112 0.0010 	 0.0096 0.0008 	 0.0149 0.0015 	 0.0326 0.0031 	 0.0322 0.0022 
22 	 0.0052 0.0008 	 0.0111 0.0014 	 0.0093 0.0014 	 0.0147 0.0017 	 0.0303 0.0033 	 0.0304 0.0037 
23 	 0.0053 0.0008 	 0.0112 0.0017 	 0.0099 0.0015 	 0.0148 0.0019 	 0.0326 0.0035 	 0.0323 0.0035 
24 	 0.0052 0.0006 	 0.0110 0.0011 	 0.0094 0.0012 	 0.0146 0.0014 	 0.0307 0.0029 	 0.0307 0.0031 
25 	 0.0051 0.0006 	 0.0109 0.0013 	 0.0091 0.0010 	 0.0146 0.0019 	 0.0300 0.0030 	 0.0302 0.0037 
26 	 0.0051 0.0006 	 0.0109 0.0012 	 0.0096 0.0011 	 0.0145 0.0015 	 0.0310 0.0032 	 0.0307 0.0030 
27 	 0.0052 0.0007 	 0.0112 0.0013 	 0.0095 0.0015 	 0.0149 0.0016 	 0.0319 0.0037 	 0.0316 0.0034 
28 	 0.0051 0.0007 	 0.0105 0.0013 	 0.0089 0.0010 	 0.0140 0.0018 	 0.0283 0.0035 	 0.0281 0.0032 
29 	 0.0054 0.0011 	 0.0118 0.0045 	 0.0097 0.0019 	 0.0154 0.0029 	 0.0317 0.0055 	 0.0316 0.0056 
30 	 0.0051 0.0007 	 0.0109 0.0015 	 0.0091 0.0012 	 0.0145 0.0022 	 0.0298 0.0042 	 0.0294 0.0035 
31 	 0.0051 0.0006 	 0.0109 0.0011 	 0.0093 0.0008 	 0.0144 0.0014 	 0.0303 0.0026 	 0.0300 0.0026 
32 	 0.0050 0.0005 	 0.0107 0.0010 	 0.0091 0.0008 	 0.0143 0.0014 	 0.0298 0.0032 	 0.0297 0.0032 
33 	 0.0052 0.0008 	 0.0108 0.0014 	 0.0093 0.0014 	 0.0143 0.0015 	 0.0303 0.0035 	 0.0301 0.0032 
34 	 0.0051 0.0006 	 0.0107 0.0009 	 0.0093 0.0010 	 0.0141 0.0009 	 0.0297 0.0018 	 0.0295 0.0018 
35 	 0.0051 0.0006 	 0.0107 0.0012 	 0.0093 0.0012 	 0.0141 0.0013 	 0.0293 0.0033 	 0.0290 0.0027 
36 	 0.0052 0.0009 	 0.0109 0.0017 	 0.0099 0.0017 	 0.0146 0.0020 	 0.0312 0.0037 	 0.0314 0.0046 
37 	 0.0051 0.0007 	 0.0108 0.0014 	 0.0093 0.0012 	 0.0143 0.0016 	 0.0299 0.0035 	 0.0296 0.0034 
38 	 0.0053 0.0008 	 0.0111 0.0015 	 0.0092 0.0011 	 0.0146 0.0016 	 0.0307 0.0039 	 0.0302 0.0033 
39 	 0.0051 0.0003 	 0.0109 0.0008 	 0.0092 0.0006 	 0.0146 0.0012 	 0.0313 0.0023 	 0.0311 0.0023 
40 	 0.0051 0.0006 	 0.0110 0.0012 	 0.0097 0.0013 	 0.0144 0.0012 	 0.0312 0.0034 	 0.0307 0.0027 
41 	 0.0050 0.0005 	 0.0109 0.0011 	 0.0094 0.0008 	 0.0145 0.0015 	 0.0310 0.0030 	 0.0308 0.0030 
42 	 0.0051 0.0001 	 0.0109 0.0007 	 0.0092 0.0001 	 0.0145 0.0002 	 0.0314 0.0006 	 0.0311 0.0004 
43 	 0.0050 0.0006 	 0.0109 0.0011 	 0.0094 0.0010 	 0.0143 0.0010 	 0.0310 0.0028 	 0.0309 0.0035 
44 	 0.0051 0.0000 	 0.0109 0.0001 	 0.0093 0.0001 	 0.0145 0.0001 	 0.0313 0.0003 	 0.0310 0.0003 
45 	 0.0051 0.0003 	 0.0109 0.0007 	 0.0099 0.0054 	 0.0147 0.0013 	 0.0318 0.0025 	 0.0317 0.0028 
