Task 	 PA 	 PA_NV 	 PA_SL 	 HetOTL 	 HetOTL_SL 	 OTLHS 
1 	 0.0063 0.0014 	 0.0150 0.0032 	 0.0127 0.0029 	 0.0195 0.0043 	 0.0443 0.0088 	 0.0430 0.0084 
2 	 0.0068 0.0016 	 0.0166 0.0037 	 0.0137 0.0031 	 0.0206 0.0048 	 0.0470 0.0098 	 0.0462 0.0095 
3 	 0.0065 0.0015 	 0.0163 0.0035 	 0.0130 0.0030 	 0.0204 0.0046 	 0.0453 0.0086 	 0.0456 0.0083 
4 	 0.0060 0.0013 	 0.0151 0.0033 	 0.0122 0.0027 	 0.0193 0.0042 	 0.0433 0.0080 	 0.0431 0.0083 
5 	 0.0063 0.0015 	 0.0158 0.0036 	 0.0129 0.0030 	 0.0197 0.0044 	 0.0447 0.0095 	 0.0445 0.0093 
6 	 0.0060 0.0014 	 0.0152 0.0033 	 0.0123 0.0028 	 0.0197 0.0043 	 0.0434 0.0088 	 0.0434 0.0092 
7 	 0.0060 0.0013 	 0.0153 0.0032 	 0.0122 0.0026 	 0.0194 0.0043 	 0.0434 0.0085 	 0.0430 0.0083 
8 	 0.0063 0.0015 	 0.0161 0.0035 	 0.0127 0.0029 	 0.0198 0.0043 	 0.0447 0.0092 	 0.0442 0.0089 
9 	 0.0063 0.0015 	 0.0162 0.0036 	 0.0126 0.0029 	 0.0203 0.0045 	 0.0451 0.0089 	 0.0457 0.0093 
10 	 0.0062 0.0014 	 0.0160 0.0036 	 0.0127 0.0030 	 0.0198 0.0042 	 0.0454 0.0087 	 0.0445 0.0085 
11 	 0.0060 0.0014 	 0.0154 0.0031 	 0.0121 0.0026 	 0.0192 0.0040 	 0.0439 0.0083 	 0.0432 0.0078 
12 	 0.0071 0.0015 	 0.0183 0.0038 	 0.0144 0.0031 	 0.0235 0.0044 	 0.0519 0.0093 	 0.0519 0.0093 
13 	 0.0077 0.0013 	 0.0196 0.0032 	 0.0157 0.0023 	 0.0249 0.0034 	 0.0557 0.0069 	 0.0550 0.0069 
14 	 0.0073 0.0014 	 0.0189 0.0034 	 0.0147 0.0029 	 0.0235 0.0045 	 0.0527 0.0085 	 0.0522 0.0086 
15 	 0.0073 0.0014 	 0.0189 0.0035 	 0.0148 0.0028 	 0.0236 0.0044 	 0.0530 0.0092 	 0.0525 0.0087 
16 	 0.0076 0.0013 	 0.0196 0.0031 	 0.0154 0.0025 	 0.0251 0.0033 	 0.0547 0.0075 	 0.0551 0.0072 
17 	 0.0069 0.0015 	 0.0179 0.0038 	 0.0144 0.0030 	 0.0230 0.0046 	 0.0510 0.0092 	 0.0508 0.0092 
18 	 0.0071 0.0015 	 0.0181 0.0037 	 0.0142 0.0030 	 0.0227 0.0048 	 0.0505 0.0097 	 0.0502 0.0096 
19 	 0.0072 0.0015 	 0.0191 0.0035 	 0.0146 0.0029 	 0.0240 0.0042 	 0.0537 0.0085 	 0.0527 0.0090 
20 	 0.0073 0.0015 	 0.0188 0.0037 	 0.0148 0.0028 	 0.0240 0.0042 	 0.0531 0.0085 	 0.0528 0.0088 
21 	 0.0072 0.0015 	 0.0184 0.0038 	 0.0146 0.0030 	 0.0229 0.0047 	 0.0511 0.0093 	 0.0511 0.0095 
22 	 0.0064 0.0015 	 0.0171 0.0038 	 0.0129 0.0030 	 0.0215 0.0047 	 0.0483 0.0096 	 0.0477 0.0096 
23 	 0.0067 0.0016 	 0.0177 0.0037 	 0.0134 0.0031 	 0.0223 0.0047 	 0.0498 0.0094 	 0.0491 0.0095 
24 	 0.0069 0.0015 	 0.0180 0.0038 	 0.0140 0.0030 	 0.0226 0.0049 	 0.0508 0.0098 	 0.0505 0.0093 
25 	 0.0069 0.0016 	 0.0182 0.0038 	 0.0140 0.0031 	 0.0226 0.0047 	 0.0514 0.0093 	 0.0495 0.0098 
26 	 0.0070 0.0016 	 0.0183 0.0037 	 0.0144 0.0030 	 0.0237 0.0043 	 0.0508 0.0097 	 0.0519 0.0089 
27 	 0.0069 0.0015 	 0.0181 0.0038 	 0.0141 0.0030 	 0.0230 0.0047 	 0.0516 0.0092 	 0.0512 0.0092 
28 	 0.0072 0.0015 	 0.0188 0.0036 	 0.0144 0.0029 	 0.0234 0.0045 	 0.0524 0.0092 	 0.0517 0.0092 
29 	 0.0066 0.0016 	 0.0172 0.0039 	 0.0134 0.0031 	 0.0215 0.0048 	 0.0490 0.0100 	 0.0476 0.0098 
30 	 0.0069 0.0016 	 0.0181 0.0038 	 0.0142 0.0030 	 0.0228 0.0046 	 0.0512 0.0093 	 0.0500 0.0096 
31 	 0.0071 0.0016 	 0.0185 0.0039 	 0.0145 0.0031 	 0.0234 0.0044 	 0.0529 0.0090 	 0.0524 0.0091 
32 	 0.0069 0.0015 	 0.0181 0.0039 	 0.0138 0.0032 	 0.0231 0.0047 	 0.0514 0.0091 	 0.0498 0.0097 
33 	 0.0071 0.0015 	 0.0182 0.0037 	 0.0142 0.0030 	 0.0227 0.0047 	 0.0505 0.0094 	 0.0504 0.0094 
34 	 0.0075 0.0013 	 0.0197 0.0029 	 0.0150 0.0026 	 0.0244 0.0039 	 0.0550 0.0074 	 0.0535 0.0079 
35 	 0.0071 0.0015 	 0.0183 0.0037 	 0.0145 0.0029 	 0.0230 0.0048 	 0.0508 0.0094 	 0.0509 0.0091 
36 	 0.0069 0.0016 	 0.0177 0.0038 	 0.0140 0.0031 	 0.0220 0.0048 	 0.0501 0.0096 	 0.0491 0.0097 
37 	 0.0067 0.0015 	 0.0171 0.0038 	 0.0136 0.0030 	 0.0218 0.0046 	 0.0493 0.0097 	 0.0479 0.0095 
38 	 0.0070 0.0015 	 0.0184 0.0037 	 0.0144 0.0029 	 0.0228 0.0047 	 0.0510 0.0088 	 0.0512 0.0092 
39 	 0.0070 0.0015 	 0.0181 0.0038 	 0.0140 0.0031 	 0.0222 0.0048 	 0.0505 0.0098 	 0.0499 0.0098 
40 	 0.0070 0.0015 	 0.0183 0.0039 	 0.0143 0.0031 	 0.0233 0.0046 	 0.0513 0.0094 	 0.0511 0.0097 
41 	 0.0069 0.0015 	 0.0184 0.0038 	 0.0141 0.0031 	 0.0230 0.0047 	 0.0522 0.0091 	 0.0509 0.0096 
42 	 0.0067 0.0016 	 0.0175 0.0039 	 0.0137 0.0031 	 0.0225 0.0047 	 0.0501 0.0094 	 0.0495 0.0095 
43 	 0.0074 0.0014 	 0.0193 0.0034 	 0.0151 0.0026 	 0.0238 0.0044 	 0.0541 0.0083 	 0.0533 0.0085 
44 	 0.0069 0.0016 	 0.0179 0.0039 	 0.0139 0.0031 	 0.0227 0.0047 	 0.0516 0.0095 	 0.0497 0.0097 
45 	 0.0081 0.0007 	 0.0208 0.0016 	 0.0163 0.0014 	 0.0259 0.0024 	 0.0577 0.0043 	 0.0571 0.0047 
