Task 	 PA 	 PA_NV 	 PA_SL 	 HetOTL 	 HetOTL_SL 	 OTLHS 
1 	 0.0060 0.0014 	 0.0152 0.0033 	 0.0108 0.0024 	 0.0191 0.0042 	 0.0384 0.0079 	 0.0388 0.0080 
2 	 0.0052 0.0013 	 0.0143 0.0033 	 0.0097 0.0024 	 0.0176 0.0040 	 0.0354 0.0077 	 0.0355 0.0074 
3 	 0.0055 0.0013 	 0.0143 0.0031 	 0.0098 0.0022 	 0.0177 0.0038 	 0.0354 0.0065 	 0.0362 0.0072 
4 	 0.0056 0.0013 	 0.0146 0.0031 	 0.0101 0.0023 	 0.0184 0.0040 	 0.0378 0.0076 	 0.0375 0.0078 
5 	 0.0053 0.0012 	 0.0148 0.0033 	 0.0098 0.0022 	 0.0178 0.0039 	 0.0363 0.0073 	 0.0364 0.0076 
6 	 0.0053 0.0013 	 0.0146 0.0032 	 0.0097 0.0023 	 0.0178 0.0038 	 0.0359 0.0070 	 0.0364 0.0074 
7 	 0.0056 0.0014 	 0.0157 0.0034 	 0.0110 0.0025 	 0.0194 0.0043 	 0.0409 0.0084 	 0.0408 0.0085 
8 	 0.0055 0.0013 	 0.0152 0.0033 	 0.0105 0.0024 	 0.0182 0.0040 	 0.0387 0.0080 	 0.0378 0.0075 
9 	 0.0058 0.0013 	 0.0159 0.0034 	 0.0107 0.0024 	 0.0200 0.0043 	 0.0398 0.0081 	 0.0402 0.0083 
10 	 0.0057 0.0014 	 0.0148 0.0033 	 0.0101 0.0024 	 0.0183 0.0039 	 0.0375 0.0076 	 0.0380 0.0080 
11 	 0.0068 0.0009 	 0.0190 0.0021 	 0.0123 0.0016 	 0.0234 0.0024 	 0.0467 0.0050 	 0.0467 0.0044 
12 	 0.0067 0.0014 	 0.0178 0.0034 	 0.0123 0.0025 	 0.0220 0.0042 	 0.0456 0.0079 	 0.0452 0.0083 
13 	 0.0065 0.0012 	 0.0183 0.0031 	 0.0121 0.0023 	 0.0224 0.0038 	 0.0456 0.0075 	 0.0453 0.0076 
14 	 0.0063 0.0012 	 0.0176 0.0033 	 0.0116 0.0022 	 0.0210 0.0042 	 0.0436 0.0075 	 0.0432 0.0076 
15 	 0.0065 0.0013 	 0.0177 0.0033 	 0.0118 0.0023 	 0.0222 0.0038 	 0.0446 0.0077 	 0.0442 0.0077 
16 	 0.0065 0.0014 	 0.0180 0.0033 	 0.0117 0.0024 	 0.0221 0.0043 	 0.0453 0.0081 	 0.0446 0.0084 
17 	 0.0066 0.0012 	 0.0180 0.0032 	 0.0124 0.0024 	 0.0225 0.0037 	 0.0461 0.0070 	 0.0458 0.0071 
18 	 0.0063 0.0013 	 0.0176 0.0034 	 0.0117 0.0024 	 0.0216 0.0042 	 0.0446 0.0075 	 0.0438 0.0079 
19 	 0.0063 0.0013 	 0.0178 0.0035 	 0.0115 0.0023 	 0.0218 0.0043 	 0.0445 0.0072 	 0.0439 0.0074 
20 	 0.0066 0.0013 	 0.0180 0.0034 	 0.0121 0.0023 	 0.0224 0.0041 	 0.0452 0.0077 	 0.0451 0.0077 
21 	 0.0061 0.0014 	 0.0171 0.0037 	 0.0119 0.0026 	 0.0208 0.0045 	 0.0440 0.0086 	 0.0436 0.0084 
22 	 0.0062 0.0013 	 0.0173 0.0035 	 0.0112 0.0024 	 0.0213 0.0043 	 0.0431 0.0076 	 0.0423 0.0079 
23 	 0.0061 0.0013 	 0.0178 0.0034 	 0.0124 0.0025 	 0.0213 0.0042 	 0.0455 0.0081 	 0.0449 0.0080 
24 	 0.0061 0.0014 	 0.0167 0.0037 	 0.0113 0.0025 	 0.0204 0.0045 	 0.0420 0.0084 	 0.0423 0.0082 
25 	 0.0063 0.0012 	 0.0180 0.0033 	 0.0115 0.0022 	 0.0218 0.0039 	 0.0443 0.0071 	 0.0435 0.0074 
26 	 0.0065 0.0014 	 0.0181 0.0034 	 0.0126 0.0025 	 0.0223 0.0042 	 0.0465 0.0079 	 0.0460 0.0080 
27 	 0.0060 0.0014 	 0.0166 0.0038 	 0.0114 0.0025 	 0.0208 0.0045 	 0.0421 0.0088 	 0.0427 0.0086 
28 	 0.0061 0.0012 	 0.0175 0.0033 	 0.0112 0.0020 	 0.0213 0.0037 	 0.0421 0.0072 	 0.0422 0.0071 
29 	 0.0064 0.0014 	 0.0174 0.0035 	 0.0117 0.0025 	 0.0220 0.0042 	 0.0443 0.0078 	 0.0442 0.0079 
30 	 0.0057 0.0013 	 0.0167 0.0038 	 0.0104 0.0023 	 0.0203 0.0042 	 0.0409 0.0081 	 0.0409 0.0080 
31 	 0.0067 0.0014 	 0.0176 0.0036 	 0.0125 0.0025 	 0.0219 0.0046 	 0.0459 0.0086 	 0.0456 0.0085 
32 	 0.0064 0.0013 	 0.0175 0.0036 	 0.0118 0.0023 	 0.0216 0.0044 	 0.0433 0.0085 	 0.0445 0.0076 
33 	 0.0060 0.0014 	 0.0167 0.0038 	 0.0111 0.0025 	 0.0207 0.0045 	 0.0426 0.0082 	 0.0419 0.0083 
34 	 0.0061 0.0014 	 0.0167 0.0037 	 0.0115 0.0026 	 0.0211 0.0044 	 0.0439 0.0084 	 0.0437 0.0085 
35 	 0.0063 0.0013 	 0.0175 0.0034 	 0.0116 0.0023 	 0.0212 0.0042 	 0.0428 0.0078 	 0.0429 0.0072 
36 	 0.0060 0.0013 	 0.0170 0.0035 	 0.0118 0.0025 	 0.0209 0.0042 	 0.0441 0.0083 	 0.0436 0.0082 
37 	 0.0064 0.0013 	 0.0174 0.0035 	 0.0119 0.0023 	 0.0218 0.0039 	 0.0450 0.0075 	 0.0441 0.0080 
38 	 0.0062 0.0013 	 0.0175 0.0034 	 0.0113 0.0024 	 0.0214 0.0042 	 0.0430 0.0078 	 0.0429 0.0078 
39 	 0.0060 0.0014 	 0.0167 0.0037 	 0.0113 0.0025 	 0.0213 0.0043 	 0.0428 0.0083 	 0.0426 0.0083 
40 	 0.0061 0.0015 	 0.0171 0.0037 	 0.0119 0.0028 	 0.0211 0.0046 	 0.0445 0.0090 	 0.0446 0.0087 
41 	 0.0064 0.0013 	 0.0179 0.0035 	 0.0121 0.0025 	 0.0219 0.0042 	 0.0453 0.0077 	 0.0444 0.0080 
42 	 0.0057 0.0013 	 0.0167 0.0038 	 0.0109 0.0025 	 0.0207 0.0043 	 0.0419 0.0086 	 0.0420 0.0083 
43 	 0.0064 0.0013 	 0.0178 0.0035 	 0.0122 0.0025 	 0.0219 0.0042 	 0.0455 0.0084 	 0.0451 0.0082 
44 	 0.0068 0.0010 	 0.0189 0.0027 	 0.0129 0.0018 	 0.0238 0.0026 	 0.0482 0.0058 	 0.0484 0.0057 
45 	 0.0064 0.0013 	 0.0178 0.0032 	 0.0123 0.0024 	 0.0214 0.0043 	 0.0455 0.0076 	 0.0444 0.0080 
