Task 	 PA 	 PA_NV 	 PA_SL 	 HetOTL 	 HetOTL_SL 	 OTLHS 
1 	 0.0049 0.0011 	 0.0116 0.0026 	 0.0100 0.0022 	 0.0153 0.0033 	 0.0323 0.0059 	 0.0324 0.0064 
2 	 0.0047 0.0012 	 0.0120 0.0028 	 0.0101 0.0027 	 0.0150 0.0034 	 0.0314 0.0066 	 0.0310 0.0068 
3 	 0.0049 0.0011 	 0.0120 0.0025 	 0.0103 0.0022 	 0.0153 0.0031 	 0.0320 0.0063 	 0.0324 0.0066 
4 	 0.0052 0.0013 	 0.0124 0.0029 	 0.0107 0.0025 	 0.0161 0.0035 	 0.0335 0.0072 	 0.0332 0.0067 
5 	 0.0048 0.0011 	 0.0121 0.0025 	 0.0100 0.0020 	 0.0154 0.0032 	 0.0322 0.0063 	 0.0321 0.0062 
6 	 0.0048 0.0012 	 0.0123 0.0028 	 0.0102 0.0022 	 0.0157 0.0036 	 0.0324 0.0064 	 0.0325 0.0066 
7 	 0.0049 0.0012 	 0.0121 0.0028 	 0.0102 0.0022 	 0.0150 0.0031 	 0.0327 0.0061 	 0.0321 0.0062 
8 	 0.0047 0.0010 	 0.0116 0.0023 	 0.0100 0.0020 	 0.0149 0.0029 	 0.0321 0.0059 	 0.0318 0.0058 
9 	 0.0049 0.0012 	 0.0124 0.0027 	 0.0104 0.0024 	 0.0157 0.0034 	 0.0322 0.0064 	 0.0319 0.0063 
10 	 0.0050 0.0011 	 0.0122 0.0026 	 0.0105 0.0023 	 0.0153 0.0030 	 0.0328 0.0062 	 0.0328 0.0068 
11 	 0.0045 0.0008 	 0.0114 0.0019 	 0.0095 0.0016 	 0.0142 0.0022 	 0.0298 0.0048 	 0.0295 0.0046 
12 	 0.0054 0.0013 	 0.0125 0.0028 	 0.0110 0.0025 	 0.0160 0.0033 	 0.0345 0.0069 	 0.0336 0.0066 
13 	 0.0051 0.0012 	 0.0124 0.0027 	 0.0106 0.0024 	 0.0157 0.0034 	 0.0329 0.0069 	 0.0325 0.0065 
14 	 0.0047 0.0011 	 0.0121 0.0025 	 0.0101 0.0022 	 0.0150 0.0030 	 0.0316 0.0061 	 0.0311 0.0060 
15 	 0.0048 0.0011 	 0.0119 0.0025 	 0.0101 0.0022 	 0.0152 0.0032 	 0.0322 0.0061 	 0.0322 0.0063 
16 	 0.0052 0.0012 	 0.0124 0.0027 	 0.0107 0.0023 	 0.0156 0.0032 	 0.0331 0.0064 	 0.0330 0.0063 
17 	 0.0051 0.0012 	 0.0124 0.0026 	 0.0106 0.0023 	 0.0156 0.0033 	 0.0332 0.0067 	 0.0329 0.0065 
18 	 0.0049 0.0011 	 0.0122 0.0026 	 0.0105 0.0025 	 0.0152 0.0030 	 0.0316 0.0059 	 0.0318 0.0063 
19 	 0.0049 0.0012 	 0.0123 0.0025 	 0.0104 0.0023 	 0.0156 0.0033 	 0.0326 0.0065 	 0.0320 0.0062 
20 	 0.0048 0.0010 	 0.0115 0.0022 	 0.0099 0.0018 	 0.0149 0.0027 	 0.0308 0.0049 	 0.0312 0.0053 
21 	 0.0046 0.0008 	 0.0114 0.0018 	 0.0099 0.0018 	 0.0147 0.0026 	 0.0313 0.0049 	 0.0313 0.0051 
22 	 0.0048 0.0011 	 0.0119 0.0024 	 0.0099 0.0020 	 0.0151 0.0029 	 0.0316 0.0056 	 0.0314 0.0057 
23 	 0.0048 0.0013 	 0.0125 0.0028 	 0.0105 0.0025 	 0.0152 0.0032 	 0.0326 0.0063 	 0.0323 0.0066 
24 	 0.0045 0.0008 	 0.0114 0.0019 	 0.0096 0.0019 	 0.0140 0.0017 	 0.0300 0.0038 	 0.0297 0.0037 
25 	 0.0047 0.0010 	 0.0120 0.0024 	 0.0100 0.0023 	 0.0151 0.0031 	 0.0313 0.0057 	 0.0310 0.0055 
26 	 0.0049 0.0011 	 0.0118 0.0023 	 0.0103 0.0022 	 0.0154 0.0033 	 0.0322 0.0059 	 0.0318 0.0059 
27 	 0.0053 0.0014 	 0.0129 0.0030 	 0.0110 0.0027 	 0.0165 0.0039 	 0.0345 0.0076 	 0.0345 0.0074 
28 	 0.0046 0.0011 	 0.0121 0.0025 	 0.0099 0.0022 	 0.0146 0.0029 	 0.0312 0.0065 	 0.0308 0.0059 
29 	 0.0050 0.0011 	 0.0121 0.0026 	 0.0104 0.0023 	 0.0156 0.0034 	 0.0324 0.0061 	 0.0325 0.0068 
30 	 0.0046 0.0011 	 0.0123 0.0026 	 0.0102 0.0024 	 0.0154 0.0033 	 0.0315 0.0063 	 0.0316 0.0061 
31 	 0.0054 0.0013 	 0.0127 0.0028 	 0.0112 0.0030 	 0.0164 0.0036 	 0.0353 0.0071 	 0.0350 0.0074 
32 	 0.0049 0.0012 	 0.0119 0.0023 	 0.0102 0.0021 	 0.0149 0.0028 	 0.0316 0.0057 	 0.0313 0.0054 
33 	 0.0051 0.0012 	 0.0123 0.0027 	 0.0105 0.0024 	 0.0156 0.0033 	 0.0329 0.0065 	 0.0321 0.0063 
34 	 0.0049 0.0011 	 0.0121 0.0026 	 0.0103 0.0023 	 0.0153 0.0032 	 0.0325 0.0062 	 0.0325 0.0064 
35 	 0.0047 0.0011 	 0.0117 0.0023 	 0.0101 0.0022 	 0.0149 0.0031 	 0.0309 0.0057 	 0.0308 0.0057 
36 	 0.0047 0.0011 	 0.0119 0.0024 	 0.0101 0.0021 	 0.0148 0.0030 	 0.0314 0.0061 	 0.0310 0.0060 
37 	 0.0048 0.0010 	 0.0117 0.0025 	 0.0100 0.0021 	 0.0147 0.0029 	 0.0314 0.0057 	 0.0312 0.0053 
38 	 0.0051 0.0014 	 0.0126 0.0029 	 0.0108 0.0025 	 0.0160 0.0036 	 0.0330 0.0070 	 0.0334 0.0071 
39 	 0.0047 0.0010 	 0.0117 0.0024 	 0.0100 0.0022 	 0.0149 0.0031 	 0.0313 0.0059 	 0.0308 0.0055 
40 	 0.0050 0.0012 	 0.0122 0.0027 	 0.0103 0.0022 	 0.0153 0.0034 	 0.0331 0.0066 	 0.0321 0.0061 
41 	 0.0059 0.0030 	 0.0136 0.0045 	 0.0120 0.0046 	 0.0173 0.0049 	 0.0353 0.0080 	 0.0351 0.0086 
42 	 0.0048 0.0011 	 0.0122 0.0027 	 0.0102 0.0023 	 0.0154 0.0034 	 0.0317 0.0066 	 0.0320 0.0069 
43 	 0.0048 0.0011 	 0.0121 0.0026 	 0.0103 0.0023 	 0.0150 0.0030 	 0.0319 0.0061 	 0.0312 0.0053 
44 	 0.0046 0.0010 	 0.0116 0.0021 	 0.0099 0.0019 	 0.0146 0.0027 	 0.0307 0.0052 	 0.0305 0.0052 
45 	 0.0047 0.0010 	 0.0117 0.0024 	 0.0100 0.0020 	 0.0148 0.0031 	 0.0311 0.0057 	 0.0308 0.0055 
