Task 	 PA 	 PA_NV 	 PA_SL 	 HetOTL 	 HetOTL_SL 	 OTLHS 
1 	 84.7820 1.5565 	 73.0700 2.3521 	 91.2300 1.1276 	 165.5760 3.4768 	 306.6240 4.6003 	 306.5400 4.4797 
2 	 70.9400 1.8378 	 73.1760 2.1443 	 77.1960 1.5878 	 142.3480 3.4337 	 256.5680 4.7343 	 256.6160 4.7954 
3 	 82.4800 1.6146 	 74.0160 2.2727 	 88.6580 1.4271 	 159.3440 3.9726 	 288.6640 4.1191 	 288.5480 4.1684 
4 	 86.6420 1.4040 	 74.1780 2.1131 	 92.6960 1.1801 	 167.1360 3.1520 	 301.2240 3.9393 	 301.1280 4.0307 
5 	 76.7180 1.7709 	 73.7820 2.2062 	 83.3940 1.5496 	 152.3600 3.7418 	 282.7600 4.7300 	 282.6640 4.7564 
6 	 75.3120 1.5803 	 73.8620 2.0677 	 82.2520 1.3723 	 151.1720 3.1508 	 279.2520 4.5836 	 279.2760 4.4874 
7 	 78.5900 1.9110 	 75.1580 2.1222 	 86.1120 1.7116 	 154.3720 3.9733 	 302.0440 4.8755 	 301.6320 4.7817 
8 	 81.6500 1.6979 	 73.8400 2.0570 	 89.0900 1.5203 	 158.9160 3.3230 	 300.3840 4.3781 	 300.0600 4.4685 
9 	 77.1740 1.7734 	 74.0020 1.9620 	 83.9080 1.5923 	 153.9760 3.9265 	 275.3640 4.8413 	 275.3000 4.7694 
10 	 84.3820 1.4986 	 73.8560 2.1703 	 90.6760 1.3073 	 164.0600 3.4766 	 302.9040 3.9776 	 302.7520 4.0094 
11 	 75.3720 1.7051 	 73.4360 2.2357 	 81.9560 1.5540 	 149.9040 3.8388 	 270.0320 4.6166 	 270.0360 4.5412 
12 	 86.5260 1.5514 	 73.7520 2.2091 	 92.6520 1.2139 	 166.0200 3.7074 	 314.3760 4.9758 	 314.1800 5.0345 
13 	 78.3940 1.8945 	 73.8760 2.2668 	 85.4900 1.7017 	 156.9360 3.7052 	 280.6240 4.4833 	 280.7160 4.4735 
14 	 73.0760 1.7544 	 73.7940 2.4711 	 79.4960 1.7860 	 144.5440 3.5879 	 265.7200 4.6274 	 265.7520 4.6885 
15 	 80.6480 1.6875 	 73.7280 2.4791 	 87.3720 1.4956 	 155.9480 3.7809 	 291.3640 4.2076 	 291.2480 4.1613 
16 	 85.0560 1.4177 	 74.0160 2.1093 	 91.1620 1.2380 	 164.7640 3.4872 	 301.9840 4.8482 	 301.8600 4.7751 
17 	 79.3460 1.6068 	 73.7080 2.1146 	 86.4220 1.4142 	 158.0440 3.4168 	 291.1680 3.8876 	 291.1880 3.8331 
18 	 77.3060 1.7633 	 74.0560 2.1909 	 84.0740 1.5734 	 154.9040 3.8073 	 278.2120 4.4772 	 278.0600 4.5491 
19 	 76.9460 1.6428 	 73.5840 2.1978 	 83.9420 1.4174 	 153.2640 3.5280 	 280.2240 4.9375 	 279.9880 4.9919 
20 	 80.3620 1.5371 	 73.8420 2.2653 	 86.7280 1.3904 	 158.8240 3.5129 	 286.4160 4.3581 	 286.3040 4.2118 
21 	 79.7680 1.4920 	 75.3540 2.0465 	 87.0540 1.4224 	 157.8440 3.1669 	 304.8960 4.5473 	 304.5600 4.6582 
22 	 77.4020 1.4277 	 73.5960 2.3027 	 84.4540 1.2995 	 156.4720 3.5842 	 280.0560 4.7068 	 280.0640 4.7695 
23 	 72.9160 1.8242 	 74.4960 2.1117 	 79.7560 1.6633 	 144.5240 3.8205 	 285.6560 5.1634 	 285.4440 5.3169 
24 	 76.2780 1.4999 	 73.7560 2.0050 	 83.1500 1.4260 	 151.2800 3.1792 	 282.5880 4.5445 	 282.5840 4.6378 
25 	 74.2400 1.6025 	 73.4440 1.8199 	 81.1720 1.4489 	 151.6440 3.4973 	 267.9680 3.9462 	 268.0840 3.7735 
26 	 81.7460 1.7974 	 74.4120 2.1553 	 88.6300 1.4209 	 160.9160 3.6196 	 297.6680 4.6248 	 297.4040 4.5121 
27 	 80.8360 1.5963 	 75.0680 2.0149 	 88.1080 1.4054 	 161.4760 3.5193 	 294.1080 4.2259 	 294.0040 4.1243 
28 	 68.4040 1.5642 	 72.7600 2.3075 	 74.7920 1.4961 	 138.9160 3.7239 	 255.9720 4.8925 	 256.0360 4.8861 
29 	 81.3660 1.8927 	 73.8040 2.1709 	 89.1800 1.7681 	 158.0200 4.3285 	 289.6080 4.8429 	 289.4000 4.6908 
30 	 68.3620 1.7206 	 73.8360 2.0517 	 75.1660 1.5390 	 139.7720 3.3318 	 260.6000 4.3267 	 261.0320 4.5384 
31 	 88.1620 1.5009 	 74.9540 2.1371 	 93.8020 1.2099 	 168.1360 3.4612 	 322.7640 4.6265 	 322.4920 4.6149 
32 	 78.4760 1.7555 	 73.9740 2.3451 	 85.3640 1.5425 	 154.9040 4.0684 	 290.6520 4.6664 	 290.5040 4.5885 
33 	 79.6960 1.6252 	 73.3420 2.3236 	 86.5880 1.2163 	 158.2280 3.9440 	 287.7760 3.9003 	 287.6800 4.0189 
34 	 79.6220 1.6458 	 73.7060 2.0842 	 86.4960 1.4717 	 156.4800 3.5953 	 296.7080 4.3862 	 296.7000 4.2763 
35 	 75.6900 1.6606 	 72.8720 2.3447 	 82.9920 1.6196 	 153.5760 3.8349 	 280.2880 4.2133 	 280.1680 4.2038 
36 	 71.9080 1.9847 	 71.7700 2.1601 	 78.5400 1.7105 	 143.7480 3.8738 	 274.6760 4.4428 	 274.8120 4.5131 
37 	 80.2060 1.6449 	 73.4380 2.1022 	 87.4200 1.3997 	 156.5840 3.7710 	 297.7520 4.1669 	 297.4040 4.1757 
38 	 75.7360 1.5883 	 73.0680 2.5359 	 83.1380 1.3296 	 153.2280 4.1861 	 276.4000 3.9262 	 276.4080 3.8702 
39 	 77.5560 1.6304 	 74.0600 1.9741 	 84.1580 1.4126 	 155.2960 3.8355 	 280.3160 4.5342 	 280.3960 4.3963 
40 	 84.2840 1.8084 	 75.9100 1.8272 	 91.0240 1.3901 	 161.8560 3.6707 	 309.3680 4.7103 	 308.8600 4.6739 
41 	 78.5180 1.7914 	 74.9280 2.2026 	 85.4360 1.4277 	 157.1520 3.9407 	 286.9920 4.5948 	 286.7920 4.5501 
42 	 71.0200 1.6545 	 74.6740 2.0596 	 77.5480 1.7302 	 142.9160 3.7317 	 267.5160 4.5551 	 267.6320 4.5783 
43 	 77.5960 1.7997 	 75.2480 2.0527 	 84.2700 1.3467 	 153.2520 3.6416 	 291.8480 4.0096 	 291.7800 4.0583 
44 	 77.0380 1.7204 	 74.8940 2.2877 	 83.7500 1.5584 	 154.7520 3.2313 	 281.8400 4.6765 	 282.1880 4.7118 
45 	 77.6060 1.5022 	 74.0520 2.1060 	 84.6860 1.2267 	 155.8800 3.5580 	 288.8520 4.7088 	 288.5560 4.7841 
