Task 	 PA 	 PA_NV 	 PA_SL 	 HetOTL 	 HetOTL_SL 	 OTLHS 
1 	 37.8300 1.6422 	 49.8380 2.2404 	 37.5640 1.6388 	 43.9000 1.8977 	 37.3840 1.8683 	 37.3640 1.8386 
2 	 27.5600 1.2937 	 48.7660 2.0932 	 26.5580 1.2392 	 32.0080 1.4033 	 27.3600 1.6131 	 27.6100 1.5718 
3 	 38.2820 1.8077 	 50.1160 2.2120 	 37.3760 1.6308 	 41.9120 2.2121 	 35.1460 1.7171 	 35.2080 1.7254 
4 	 41.6700 1.7402 	 50.0560 1.9815 	 41.2340 1.6916 	 45.9960 2.0670 	 39.8060 1.8943 	 39.8740 1.8640 
5 	 32.7200 1.5106 	 49.7260 2.0702 	 31.6420 1.3509 	 37.1660 1.7118 	 32.5120 1.6353 	 32.5600 1.6308 
6 	 30.8020 1.4336 	 49.8420 2.1305 	 29.8940 1.2301 	 35.7120 1.5586 	 30.0760 1.7242 	 30.0980 1.7701 
7 	 40.0800 1.8344 	 50.0040 2.3441 	 38.6240 1.5553 	 42.6800 1.9257 	 40.7020 1.9611 	 40.8700 1.9693 
8 	 42.8920 2.0071 	 49.8140 2.0564 	 41.5680 1.8398 	 45.3860 1.8961 	 40.4440 1.8492 	 40.5300 1.8576 
9 	 33.1300 1.4876 	 50.0380 2.0421 	 31.9340 1.4915 	 38.2540 1.7082 	 32.3180 1.8773 	 32.3380 1.8201 
10 	 39.9160 1.8574 	 49.9000 2.1502 	 39.4800 1.5598 	 44.3680 1.7183 	 38.3060 1.9812 	 38.2980 1.9149 
11 	 30.7380 1.4855 	 48.3840 2.1357 	 29.8720 1.4345 	 35.3960 1.5794 	 30.0680 1.7905 	 30.0860 1.8022 
12 	 41.7140 1.9036 	 49.7820 2.0853 	 41.4080 1.7070 	 45.4380 2.1219 	 40.0560 1.9489 	 40.0740 1.9275 
13 	 31.0260 1.5212 	 48.9180 2.2096 	 30.6900 1.4387 	 37.3500 1.9150 	 31.5820 1.7716 	 31.6580 1.7964 
14 	 29.9400 1.3652 	 49.2760 1.9380 	 28.9600 1.3938 	 34.1580 1.4574 	 28.5900 1.6417 	 28.6160 1.6364 
15 	 35.2060 1.6919 	 49.2980 2.2575 	 34.6060 1.3755 	 39.3580 1.9006 	 31.8320 1.9776 	 31.9020 1.9438 
16 	 41.2500 1.8500 	 49.8520 2.5245 	 40.6080 1.6709 	 44.8440 2.2446 	 39.5100 1.6625 	 39.5080 1.6671 
17 	 32.7180 1.4056 	 49.3520 2.1857 	 32.1260 1.4021 	 38.6780 1.6233 	 33.2440 1.8212 	 33.3380 1.7991 
18 	 30.7460 1.5492 	 49.1080 2.5269 	 30.2380 1.3602 	 36.8160 1.8099 	 30.2280 1.6963 	 30.2780 1.7188 
19 	 30.3200 1.4553 	 49.8360 2.2431 	 29.8560 1.2518 	 36.0340 1.6851 	 30.6640 1.7748 	 30.7060 1.7946 
20 	 34.3780 1.4469 	 49.1360 2.1272 	 33.9060 1.3764 	 39.6160 1.6960 	 33.6600 1.9367 	 33.7300 1.9106 
21 	 35.4500 1.5563 	 49.8480 1.9769 	 34.6720 1.4040 	 40.2220 1.9082 	 38.3360 1.6010 	 38.4580 1.6520 
22 	 28.8300 1.3793 	 48.5680 2.0433 	 28.6000 1.3073 	 35.1400 1.6351 	 28.9560 1.8468 	 29.0340 1.7997 
23 	 31.2300 1.3988 	 49.2560 2.1178 	 29.7640 1.3053 	 34.7640 1.7316 	 33.7900 1.4851 	 33.8840 1.5451 
24 	 32.1240 1.5489 	 48.6440 2.2544 	 31.0900 1.4673 	 35.6500 1.6375 	 30.1400 1.5251 	 30.1780 1.5133 
25 	 26.7080 1.1555 	 48.7320 2.0594 	 26.0020 1.2015 	 33.0360 1.4054 	 26.6680 1.3979 	 26.7560 1.4158 
26 	 38.0100 1.5859 	 49.7020 2.0964 	 37.1100 1.4485 	 42.2760 1.9198 	 37.1160 2.0863 	 37.2320 2.1026 
27 	 33.5320 1.6278 	 49.7700 1.9716 	 32.9040 1.4274 	 39.9940 1.7376 	 34.4980 1.6960 	 34.5680 1.6908 
28 	 24.8180 1.3892 	 46.2600 1.9597 	 23.8720 1.1646 	 28.7440 1.4609 	 23.0480 1.4818 	 23.1740 1.5172 
29 	 41.8860 1.7591 	 49.9000 2.3109 	 40.9440 1.8403 	 44.7460 2.2147 	 38.2580 1.8278 	 38.3780 1.7911 
30 	 26.5680 1.4704 	 49.2140 1.9592 	 25.5060 1.3720 	 30.8040 1.5189 	 26.3240 1.5729 	 26.4540 1.6048 
31 	 45.4900 2.0415 	 49.9120 2.2827 	 45.0160 1.9914 	 47.9720 2.2654 	 44.0100 2.0397 	 44.0360 2.0323 
32 	 34.7660 1.6038 	 49.5820 2.3899 	 33.8380 1.5164 	 39.0720 1.7953 	 34.3160 1.7796 	 34.3700 1.7692 
33 	 31.9740 1.5798 	 49.6860 2.0287 	 31.4280 1.4592 	 38.4400 1.8532 	 33.2000 1.7528 	 33.2440 1.7820 
34 	 37.6620 1.6862 	 49.9480 2.2192 	 36.6040 1.6337 	 41.6800 1.9116 	 38.3060 1.9350 	 38.4740 1.8868 
35 	 26.7340 1.3086 	 48.5720 2.2401 	 26.4560 1.2962 	 33.1540 1.6436 	 28.0840 1.7380 	 28.1060 1.7478 
36 	 32.2180 1.4259 	 47.3320 2.2271 	 30.4320 1.3665 	 35.1560 1.7745 	 33.5880 2.1152 	 33.8780 2.1312 
37 	 39.0520 1.8739 	 49.9560 2.1370 	 37.8660 1.6779 	 41.8520 1.8618 	 36.9080 1.7876 	 36.9540 1.7333 
38 	 27.7760 1.4873 	 48.8760 2.4356 	 27.2380 1.4107 	 34.3180 1.7773 	 28.4840 1.6760 	 28.5620 1.6275 
39 	 30.9240 1.5410 	 49.9600 2.1435 	 29.9300 1.3740 	 37.1220 1.5642 	 32.3600 1.6546 	 32.4180 1.6772 
40 	 43.6700 1.8568 	 50.2980 2.3617 	 42.6860 1.8064 	 46.6320 2.1519 	 44.0720 2.2073 	 44.1800 2.1864 
41 	 32.0400 1.5098 	 49.8960 2.0385 	 31.2660 1.4937 	 38.3360 1.5627 	 33.5900 1.6321 	 33.5980 1.6087 
42 	 29.7740 1.4090 	 49.5080 1.7506 	 28.2380 1.2409 	 33.7120 1.3237 	 30.7740 1.6433 	 31.0060 1.6547 
43 	 35.7700 1.4097 	 49.9340 2.3180 	 34.4180 1.3451 	 39.5040 1.6472 	 36.3800 1.6145 	 36.5020 1.6545 
44 	 31.3100 1.5270 	 49.9160 2.2712 	 30.2960 1.3679 	 37.1880 1.7185 	 32.1900 1.6117 	 32.3740 1.6167 
45 	 33.2760 1.6065 	 50.0160 2.1471 	 32.4100 1.5581 	 38.7300 1.8094 	 34.7740 1.7546 	 34.8920 1.7545 
