Task 	 PA 	 PA_NV 	 PA_SL 	 HetOTL 	 HetOTL_SL 	 OTLHS 
1 	 37.8300 1.6422 	 43.2000 1.8852 	 37.4800 1.6013 	 39.0200 1.6244 	 33.9300 1.5976 	 33.9300 1.5976 
2 	 27.5600 1.2937 	 35.9220 1.5271 	 26.7120 1.2182 	 28.7620 1.4876 	 25.3480 1.3338 	 25.3500 1.3331 
3 	 38.2820 1.8077 	 39.5200 2.0763 	 37.5240 1.7270 	 36.1920 1.7117 	 31.7420 1.4775 	 31.7420 1.4775 
4 	 41.6700 1.7402 	 44.9860 1.9391 	 41.2980 1.7076 	 41.3060 1.7434 	 35.7440 1.5856 	 35.7440 1.5871 
5 	 32.7200 1.5106 	 41.0020 1.7971 	 31.8280 1.3236 	 33.5640 1.5166 	 29.9940 1.5089 	 30.0000 1.5061 
6 	 30.8020 1.4336 	 36.1880 1.6843 	 29.9700 1.2589 	 30.3260 1.4012 	 25.9340 1.2688 	 25.9360 1.2709 
7 	 40.0800 1.8344 	 44.8680 1.9184 	 38.8880 1.5932 	 40.0320 1.6324 	 37.3500 1.6862 	 37.3480 1.6900 
8 	 42.8920 2.0071 	 43.4200 1.7369 	 41.9200 1.8760 	 41.2080 2.0759 	 36.1380 1.6270 	 36.1380 1.6314 
9 	 33.1300 1.4876 	 38.8480 1.6688 	 32.1880 1.4227 	 33.4320 1.4362 	 28.6620 1.4622 	 28.6640 1.4606 
10 	 39.9160 1.8574 	 42.2300 1.8719 	 39.4200 1.6067 	 39.2440 1.7644 	 35.3080 1.7083 	 35.3120 1.7092 
11 	 30.7380 1.4855 	 36.8280 1.4796 	 30.0560 1.3830 	 31.1900 1.5897 	 26.3960 1.4453 	 26.3960 1.4453 
12 	 41.7140 1.9036 	 42.0620 1.9837 	 41.4000 1.7936 	 39.6820 2.0241 	 33.8820 1.4282 	 33.8860 1.4271 
13 	 31.0260 1.5212 	 40.9220 1.6658 	 30.6620 1.4461 	 33.4640 1.6470 	 29.6580 1.4884 	 29.6580 1.4884 
14 	 29.9400 1.3652 	 36.9960 1.6285 	 28.9980 1.3602 	 30.5560 1.5880 	 26.1240 1.3885 	 26.1240 1.3885 
15 	 35.2060 1.6919 	 37.3940 1.5895 	 34.6220 1.4589 	 33.2460 1.3989 	 27.9740 1.4583 	 27.9700 1.4632 
16 	 41.2500 1.8500 	 44.6580 2.1056 	 40.7220 1.8466 	 41.4220 1.9166 	 36.4520 1.4144 	 36.4540 1.4116 
17 	 32.7180 1.4056 	 39.8980 1.8163 	 32.1840 1.3417 	 33.7760 1.3749 	 29.7020 1.2991 	 29.7020 1.2991 
18 	 30.7460 1.5492 	 38.0920 1.6006 	 30.3000 1.4181 	 31.9880 1.4041 	 27.5320 1.3944 	 27.5320 1.3944 
19 	 30.3200 1.4553 	 36.8540 1.7108 	 29.8180 1.3704 	 30.3040 1.5092 	 25.3640 1.3664 	 25.3640 1.3664 
20 	 34.3780 1.4469 	 40.4540 1.8405 	 33.9400 1.3738 	 35.3540 1.6007 	 31.0500 1.5548 	 31.0500 1.5548 
21 	 35.4500 1.5563 	 42.7400 1.7894 	 34.8420 1.5182 	 36.4400 1.6128 	 33.8460 1.5450 	 33.8460 1.5450 
22 	 28.8300 1.3793 	 35.5000 1.6087 	 28.5840 1.2750 	 28.6500 1.3065 	 24.6200 1.1995 	 24.6200 1.1995 
23 	 31.2300 1.3988 	 38.8780 1.9388 	 30.0460 1.3217 	 31.3400 1.4138 	 29.0520 1.4884 	 29.0500 1.4919 
24 	 32.1240 1.5489 	 34.8680 1.7142 	 31.2200 1.5190 	 29.2920 1.4060 	 25.0760 1.3116 	 25.0800 1.3169 
25 	 26.7080 1.1555 	 36.1580 1.5288 	 26.0660 1.1700 	 28.3120 1.3569 	 24.3320 1.2021 	 24.3320 1.2021 
26 	 38.0100 1.5859 	 41.7480 1.9400 	 37.3140 1.5526 	 37.2240 1.7867 	 33.1560 1.5744 	 33.1600 1.5776 
27 	 33.5320 1.6278 	 40.9680 1.7386 	 32.9720 1.4414 	 34.9300 1.6593 	 31.2120 1.6675 	 31.2120 1.6675 
28 	 24.8180 1.3892 	 27.5780 1.5069 	 24.0320 1.2517 	 22.7800 1.1587 	 18.5240 1.0209 	 18.5280 1.0232 
29 	 41.8860 1.7591 	 40.5840 1.6829 	 41.0940 1.8483 	 39.2200 1.7969 	 34.1380 1.4756 	 34.1380 1.4756 
30 	 26.5680 1.4704 	 33.4040 1.6682 	 25.7660 1.4002 	 26.5040 1.3518 	 22.7700 1.3265 	 22.7700 1.3265 
31 	 45.4900 2.0415 	 46.3820 2.0253 	 45.1080 2.0442 	 44.6700 1.9419 	 39.7020 1.7610 	 39.7040 1.7573 
32 	 34.7660 1.6038 	 39.9240 1.8186 	 34.0760 1.5701 	 34.2140 1.6635 	 29.6520 1.5605 	 29.6520 1.5605 
33 	 31.9740 1.5798 	 39.4800 1.6875 	 31.4320 1.4608 	 33.5400 1.5270 	 29.8300 1.4203 	 29.8300 1.4203 
34 	 37.6620 1.6862 	 41.9160 1.8189 	 36.7820 1.6522 	 38.1080 1.8274 	 34.0940 1.7234 	 34.0980 1.7203 
35 	 26.7340 1.3086 	 34.6580 1.6407 	 26.4260 1.2610 	 27.3400 1.1443 	 23.3640 1.1642 	 23.3700 1.1670 
36 	 32.2180 1.4259 	 36.9040 1.6299 	 30.8800 1.4456 	 32.3660 1.5034 	 29.8380 1.4047 	 29.8460 1.4047 
37 	 39.0520 1.8739 	 39.7000 1.7123 	 38.1180 1.8543 	 36.9160 1.7853 	 32.4140 1.4626 	 32.4160 1.4577 
38 	 27.7760 1.4873 	 35.1320 1.4741 	 27.2560 1.4631 	 28.8100 1.5322 	 24.2780 1.3144 	 24.2780 1.3144 
39 	 30.9240 1.5410 	 39.9580 1.6763 	 30.0860 1.3551 	 33.1920 1.4675 	 29.6700 1.3422 	 29.6700 1.3422 
40 	 43.6700 1.8568 	 47.9260 1.9392 	 42.8720 1.8531 	 44.8820 1.9670 	 41.5740 2.1167 	 41.5760 2.1159 
41 	 32.0400 1.5098 	 39.5600 1.7389 	 31.3860 1.4106 	 33.1040 1.4322 	 29.2240 1.3148 	 29.2240 1.3148 
42 	 29.7740 1.4090 	 36.8940 1.6403 	 28.5440 1.3086 	 30.6000 1.4836 	 27.8740 1.5177 	 27.8740 1.5177 
43 	 35.7700 1.4097 	 40.6700 2.0315 	 34.7380 1.2885 	 35.7180 1.6796 	 31.9100 1.4023 	 31.9100 1.4023 
44 	 31.3100 1.5270 	 39.5360 1.7677 	 30.5440 1.4788 	 32.8120 1.5413 	 28.6500 1.3828 	 28.6500 1.3828 
45 	 33.2760 1.6065 	 40.5880 1.9951 	 32.4100 1.5383 	 34.5780 1.7757 	 30.8880 1.5035 	 30.8880 1.5035 
