Task 	 PA 	 PA_NV 	 PA_SL 	 HetOTL 	 HetOTL_SL 	 OTLHS 
1 	 0.0056 0.0013 	 0.0143 0.0031 	 0.0102 0.0024 	 0.0179 0.0040 	 0.0362 0.0073 	 0.0359 0.0074 
2 	 0.0055 0.0013 	 0.0153 0.0034 	 0.0105 0.0024 	 0.0181 0.0042 	 0.0373 0.0077 	 0.0370 0.0079 
3 	 0.0054 0.0012 	 0.0143 0.0031 	 0.0100 0.0022 	 0.0175 0.0037 	 0.0354 0.0070 	 0.0357 0.0072 
4 	 0.0056 0.0013 	 0.0148 0.0033 	 0.0104 0.0024 	 0.0185 0.0041 	 0.0373 0.0073 	 0.0375 0.0077 
5 	 0.0054 0.0013 	 0.0150 0.0033 	 0.0103 0.0023 	 0.0178 0.0038 	 0.0367 0.0076 	 0.0364 0.0075 
6 	 0.0054 0.0013 	 0.0149 0.0032 	 0.0102 0.0024 	 0.0184 0.0039 	 0.0366 0.0073 	 0.0372 0.0079 
7 	 0.0054 0.0012 	 0.0150 0.0031 	 0.0107 0.0024 	 0.0187 0.0039 	 0.0393 0.0071 	 0.0389 0.0076 
8 	 0.0056 0.0013 	 0.0150 0.0032 	 0.0108 0.0024 	 0.0186 0.0040 	 0.0387 0.0075 	 0.0388 0.0079 
9 	 0.0058 0.0013 	 0.0159 0.0036 	 0.0111 0.0025 	 0.0196 0.0044 	 0.0392 0.0083 	 0.0393 0.0083 
10 	 0.0058 0.0013 	 0.0151 0.0032 	 0.0108 0.0025 	 0.0190 0.0040 	 0.0383 0.0075 	 0.0384 0.0077 
11 	 0.0060 0.0013 	 0.0164 0.0035 	 0.0113 0.0024 	 0.0201 0.0042 	 0.0404 0.0082 	 0.0407 0.0081 
12 	 0.0070 0.0012 	 0.0182 0.0032 	 0.0130 0.0022 	 0.0234 0.0034 	 0.0471 0.0072 	 0.0471 0.0070 
13 	 0.0066 0.0013 	 0.0185 0.0032 	 0.0126 0.0024 	 0.0225 0.0039 	 0.0466 0.0069 	 0.0457 0.0075 
14 	 0.0064 0.0012 	 0.0180 0.0031 	 0.0122 0.0022 	 0.0220 0.0037 	 0.0448 0.0069 	 0.0442 0.0070 
15 	 0.0067 0.0012 	 0.0184 0.0029 	 0.0127 0.0021 	 0.0227 0.0036 	 0.0459 0.0070 	 0.0457 0.0069 
16 	 0.0067 0.0013 	 0.0181 0.0033 	 0.0124 0.0023 	 0.0226 0.0041 	 0.0461 0.0077 	 0.0458 0.0077 
17 	 0.0062 0.0014 	 0.0170 0.0036 	 0.0121 0.0027 	 0.0209 0.0044 	 0.0433 0.0084 	 0.0429 0.0084 
18 	 0.0065 0.0012 	 0.0179 0.0033 	 0.0123 0.0024 	 0.0216 0.0042 	 0.0440 0.0079 	 0.0448 0.0076 
19 	 0.0064 0.0013 	 0.0179 0.0033 	 0.0122 0.0024 	 0.0219 0.0040 	 0.0443 0.0075 	 0.0446 0.0069 
20 	 0.0064 0.0014 	 0.0176 0.0035 	 0.0121 0.0025 	 0.0216 0.0043 	 0.0441 0.0080 	 0.0438 0.0082 
21 	 0.0064 0.0014 	 0.0175 0.0035 	 0.0128 0.0026 	 0.0218 0.0043 	 0.0457 0.0081 	 0.0459 0.0083 
22 	 0.0061 0.0014 	 0.0171 0.0036 	 0.0113 0.0026 	 0.0210 0.0043 	 0.0422 0.0079 	 0.0411 0.0083 
23 	 0.0059 0.0014 	 0.0170 0.0037 	 0.0121 0.0027 	 0.0209 0.0044 	 0.0443 0.0083 	 0.0434 0.0086 
24 	 0.0061 0.0014 	 0.0171 0.0036 	 0.0116 0.0026 	 0.0207 0.0044 	 0.0432 0.0081 	 0.0412 0.0086 
25 	 0.0062 0.0013 	 0.0177 0.0035 	 0.0118 0.0024 	 0.0216 0.0041 	 0.0440 0.0071 	 0.0431 0.0076 
26 	 0.0065 0.0013 	 0.0179 0.0036 	 0.0131 0.0026 	 0.0217 0.0044 	 0.0458 0.0085 	 0.0461 0.0079 
27 	 0.0066 0.0014 	 0.0181 0.0035 	 0.0127 0.0025 	 0.0219 0.0044 	 0.0459 0.0079 	 0.0454 0.0083 
28 	 0.0059 0.0013 	 0.0173 0.0033 	 0.0113 0.0024 	 0.0202 0.0042 	 0.0409 0.0076 	 0.0408 0.0073 
29 	 0.0058 0.0014 	 0.0160 0.0036 	 0.0112 0.0026 	 0.0200 0.0045 	 0.0411 0.0084 	 0.0400 0.0084 
30 	 0.0057 0.0013 	 0.0169 0.0037 	 0.0109 0.0024 	 0.0205 0.0042 	 0.0416 0.0081 	 0.0411 0.0078 
31 	 0.0070 0.0013 	 0.0186 0.0031 	 0.0135 0.0024 	 0.0231 0.0040 	 0.0482 0.0077 	 0.0478 0.0075 
32 	 0.0061 0.0014 	 0.0171 0.0036 	 0.0117 0.0025 	 0.0212 0.0044 	 0.0434 0.0082 	 0.0425 0.0084 
33 	 0.0066 0.0013 	 0.0181 0.0031 	 0.0125 0.0024 	 0.0225 0.0037 	 0.0462 0.0068 	 0.0456 0.0069 
34 	 0.0064 0.0013 	 0.0176 0.0034 	 0.0127 0.0024 	 0.0213 0.0043 	 0.0443 0.0084 	 0.0449 0.0082 
35 	 0.0065 0.0012 	 0.0182 0.0030 	 0.0123 0.0022 	 0.0221 0.0037 	 0.0442 0.0070 	 0.0438 0.0067 
36 	 0.0058 0.0013 	 0.0167 0.0036 	 0.0119 0.0026 	 0.0203 0.0044 	 0.0435 0.0083 	 0.0423 0.0086 
37 	 0.0065 0.0013 	 0.0179 0.0033 	 0.0128 0.0023 	 0.0218 0.0041 	 0.0450 0.0077 	 0.0454 0.0070 
38 	 0.0062 0.0013 	 0.0173 0.0034 	 0.0118 0.0024 	 0.0213 0.0042 	 0.0422 0.0080 	 0.0419 0.0079 
39 	 0.0063 0.0013 	 0.0174 0.0035 	 0.0122 0.0025 	 0.0211 0.0044 	 0.0434 0.0079 	 0.0438 0.0078 
40 	 0.0063 0.0014 	 0.0171 0.0037 	 0.0125 0.0028 	 0.0209 0.0047 	 0.0446 0.0088 	 0.0443 0.0091 
41 	 0.0065 0.0013 	 0.0182 0.0034 	 0.0129 0.0023 	 0.0222 0.0041 	 0.0460 0.0074 	 0.0451 0.0076 
42 	 0.0057 0.0013 	 0.0166 0.0037 	 0.0116 0.0028 	 0.0202 0.0045 	 0.0414 0.0084 	 0.0411 0.0085 
43 	 0.0063 0.0013 	 0.0177 0.0035 	 0.0126 0.0025 	 0.0220 0.0040 	 0.0456 0.0077 	 0.0454 0.0081 
44 	 0.0070 0.0007 	 0.0196 0.0019 	 0.0139 0.0014 	 0.0244 0.0020 	 0.0498 0.0035 	 0.0492 0.0043 
45 	 0.0064 0.0013 	 0.0178 0.0035 	 0.0126 0.0025 	 0.0218 0.0041 	 0.0454 0.0078 	 0.0454 0.0077 
