Task 	 PA 	 PA_NV 	 PA_SL 	 HetOTL 	 HetOTL_SL 	 OTLHS 
1 	 84.7820 1.5565 	 77.6700 2.1334 	 89.0700 1.1736 	 164.1600 3.3316 	 264.3520 4.6238 	 264.3520 4.6238 
2 	 70.9400 1.8378 	 73.0640 1.8131 	 74.8440 1.6836 	 140.1840 3.4841 	 232.1640 5.2315 	 232.1640 5.2312 
3 	 82.4800 1.6146 	 76.8260 1.9601 	 86.6400 1.5290 	 157.5560 3.5668 	 250.4320 5.3496 	 250.4320 5.3463 
4 	 86.6420 1.4040 	 79.4080 1.8111 	 90.7580 1.3328 	 167.1280 3.1354 	 271.0960 4.5962 	 271.0840 4.6154 
5 	 76.7180 1.7709 	 76.9880 1.8306 	 81.0560 1.5503 	 152.7640 3.2976 	 251.5000 5.1700 	 251.4920 5.1771 
6 	 75.3120 1.5803 	 72.9240 1.7400 	 79.5680 1.4817 	 146.7880 3.4204 	 235.9400 4.2474 	 235.9280 4.2611 
7 	 78.5900 1.9110 	 80.6120 1.7516 	 83.7120 1.7851 	 159.2080 3.4968 	 289.0960 4.3643 	 289.1160 4.3834 
8 	 81.6500 1.6979 	 79.7280 1.7495 	 86.8660 1.5671 	 162.0280 3.3279 	 279.2520 5.0729 	 279.2480 5.0840 
9 	 77.1740 1.7734 	 76.1220 1.9307 	 81.5480 1.6257 	 153.1480 3.4516 	 247.2440 5.0771 	 247.2480 5.0744 
10 	 84.3820 1.4986 	 77.0280 1.8352 	 88.7080 1.3380 	 162.7640 3.2705 	 266.3680 4.5839 	 266.3720 4.5957 
11 	 75.3720 1.7051 	 74.2460 1.6312 	 79.5880 1.5913 	 147.7080 3.6788 	 238.9800 4.8925 	 238.9840 4.8978 
12 	 86.5260 1.5514 	 78.5060 1.9454 	 90.5980 1.3087 	 164.7880 3.8591 	 275.7600 4.5465 	 275.7640 4.5590 
13 	 78.3940 1.8945 	 79.3540 1.7940 	 82.9660 1.7741 	 157.5080 3.3053 	 260.1160 4.4872 	 260.1160 4.4872 
14 	 73.0760 1.7544 	 74.5420 2.0196 	 77.2440 1.9153 	 145.0320 3.9435 	 239.2680 4.7764 	 239.2680 4.7764 
15 	 80.6480 1.6875 	 75.2280 2.0275 	 85.1240 1.5939 	 152.9600 3.3263 	 251.3840 5.2220 	 251.3760 5.2226 
16 	 85.0560 1.4177 	 80.6400 1.9322 	 89.2280 1.4512 	 166.7160 2.8627 	 276.9000 4.9747 	 276.9000 4.9819 
17 	 79.3460 1.6068 	 76.6020 2.0342 	 84.0380 1.4133 	 156.5560 3.3993 	 265.8960 4.7583 	 265.9080 4.7516 
18 	 77.3060 1.7633 	 75.8880 1.7806 	 81.6300 1.7494 	 153.7200 3.3977 	 250.1360 4.7264 	 250.1240 4.7334 
19 	 76.9460 1.6428 	 74.5940 1.8516 	 81.2680 1.4214 	 150.2680 3.2823 	 238.7120 4.4732 	 238.7160 4.4677 
20 	 80.3620 1.5371 	 77.2900 1.9017 	 84.5820 1.4273 	 158.0240 3.3218 	 259.8680 4.4200 	 259.8680 4.4200 
21 	 79.7680 1.4920 	 80.9540 1.5977 	 84.6760 1.4915 	 160.7040 3.3293 	 287.8880 4.8739 	 287.8880 4.8739 
22 	 77.4020 1.4277 	 75.2520 1.7808 	 81.8280 1.3789 	 151.3800 3.3929 	 236.0960 4.8024 	 236.0960 4.8024 
23 	 72.9160 1.8242 	 77.7560 1.7036 	 77.2800 1.6153 	 148.6080 3.4543 	 275.2400 4.5824 	 275.2400 4.5874 
24 	 76.2780 1.4999 	 75.3360 1.7809 	 80.6840 1.4355 	 148.2120 3.5178 	 244.2400 4.1402 	 244.2400 4.1402 
25 	 74.2400 1.6025 	 75.4780 1.8865 	 78.6360 1.5566 	 148.2680 3.6665 	 234.6040 4.8531 	 234.6040 4.8531 
26 	 81.7460 1.7974 	 80.4040 1.7380 	 86.3020 1.5561 	 163.4960 3.1627 	 284.9800 4.0507 	 284.9720 4.0479 
27 	 80.8360 1.5963 	 81.0080 1.4653 	 85.5240 1.4455 	 163.1200 2.8020 	 272.5000 4.7555 	 272.5000 4.7555 
28 	 68.4040 1.5642 	 66.1100 1.9826 	 72.2160 1.5913 	 130.4680 3.8299 	 205.7920 4.8624 	 205.8080 4.8614 
29 	 81.3660 1.8927 	 77.5500 1.8096 	 86.9000 1.7589 	 159.2480 3.3612 	 261.0040 4.8284 	 261.0040 4.8166 
30 	 68.3620 1.7206 	 72.3920 1.7272 	 72.4860 1.6688 	 137.3680 3.4695 	 226.1240 5.0130 	 226.1240 5.0130 
31 	 88.1620 1.5009 	 80.9360 1.8001 	 92.0800 1.3490 	 170.6400 3.2116 	 296.6760 5.1069 	 296.6800 5.1053 
32 	 78.4760 1.7555 	 77.2400 1.9240 	 82.8160 1.5964 	 153.4760 3.2797 	 254.1760 4.7609 	 254.1760 4.7609 
33 	 79.6960 1.6252 	 75.8340 2.0287 	 84.1600 1.2608 	 155.6120 3.4906 	 253.5280 4.5537 	 253.5360 4.5666 
34 	 79.6220 1.6458 	 78.0120 1.8789 	 84.2780 1.5536 	 158.7000 3.4062 	 274.9840 5.1832 	 274.9840 5.1794 
35 	 75.6900 1.6606 	 71.4180 1.9330 	 80.1240 1.5701 	 144.4560 3.4240 	 228.2520 4.8247 	 228.2800 4.8607 
36 	 71.9080 1.9847 	 72.9880 1.7895 	 76.2720 1.7446 	 146.1760 3.8431 	 266.7280 4.9672 	 266.7400 4.9705 
37 	 80.2060 1.6449 	 76.2000 2.0615 	 85.0760 1.4292 	 155.6880 3.6830 	 261.8760 4.8258 	 261.8800 4.8227 
38 	 75.7360 1.5883 	 72.9620 1.8973 	 80.3640 1.4579 	 147.1120 4.0135 	 236.3680 4.8535 	 236.3680 4.8535 
39 	 77.5560 1.6304 	 76.8980 1.7804 	 81.6820 1.5131 	 154.9960 3.2835 	 254.7360 4.4646 	 254.7440 4.4633 
40 	 84.2840 1.8084 	 83.7000 1.4235 	 89.1000 1.5428 	 169.4040 3.4543 	 305.5920 4.6023 	 305.5760 4.6114 
41 	 78.5180 1.7914 	 78.5300 1.7159 	 82.8200 1.5795 	 157.4520 3.3003 	 261.1760 4.1553 	 261.1800 4.1594 
42 	 71.0200 1.6545 	 76.3040 1.6197 	 75.1980 1.7596 	 145.8840 3.0438 	 253.0920 5.1082 	 253.0960 5.1031 
43 	 77.5960 1.7997 	 79.0580 1.7708 	 81.9640 1.3858 	 156.1040 3.4674 	 277.1640 4.2416 	 277.1640 4.2416 
44 	 77.0380 1.7204 	 77.9420 1.6089 	 81.2000 1.5133 	 155.1920 3.5185 	 262.1920 4.9284 	 262.1840 4.9284 
45 	 77.6060 1.5022 	 78.2360 1.6912 	 82.0520 1.3444 	 157.5120 3.4934 	 269.8840 4.7977 	 269.8840 4.7977 
