Target Task 	 PA_personal 	 PA_shared 	 dso1 	 PA_extra 	 PA_extra_sim 
1 	 5.8520 0.6213 	 5.8400 0.6010 	 31.8580 1.6933 	 5.9340 0.7298 	 5.8480 0.6293 
2 	 6.3580 0.7555 	 6.4220 0.7515 	 22.5800 1.4446 	 6.0160 0.7444 	 6.3300 0.7630 
3 	 4.4960 0.6578 	 4.5360 0.6738 	 28.3760 1.5086 	 4.6080 0.6762 	 4.4980 0.6578 
4 	 6.4200 0.6560 	 6.4880 0.7277 	 31.9800 1.5517 	 6.5960 0.8499 	 6.4120 0.6469 
5 	 6.8600 0.6784 	 6.9280 0.7053 	 27.8580 1.4659 	 6.6460 0.6945 	 6.8500 0.6795 
6 	 6.6660 0.7038 	 6.6740 0.7438 	 25.1440 1.4972 	 6.2540 0.6869 	 6.6520 0.7053 
7 	 15.2020 0.9366 	 14.7300 0.8969 	 37.6780 1.8527 	 15.7960 1.1388 	 15.2100 0.9378 
8 	 11.4960 0.8459 	 11.3020 0.7636 	 35.8900 1.8687 	 11.6320 0.9714 	 11.4700 0.8572 
9 	 6.8600 0.6748 	 6.7440 0.6715 	 23.7020 1.4900 	 6.5000 0.7987 	 6.8280 0.6887 
10 	 5.9880 0.6285 	 6.0320 0.5988 	 35.2360 1.5388 	 6.0500 0.7377 	 5.9780 0.6123 
11 	 5.1360 0.6720 	 5.2340 0.6545 	 24.9760 1.4154 	 4.9740 0.5865 	 5.1420 0.6729 
12 	 7.2760 0.8359 	 7.2620 0.7156 	 39.2060 1.8118 	 7.1760 0.8477 	 7.2700 0.8260 
13 	 8.2560 0.6888 	 8.1120 0.6012 	 26.3520 1.5367 	 7.7800 0.7987 	 8.2360 0.6813 
14 	 6.0220 0.7590 	 6.0560 0.7067 	 22.4800 1.2902 	 5.3740 0.6731 	 6.0180 0.7505 
15 	 6.0440 0.6354 	 6.1060 0.6146 	 29.4000 1.4645 	 5.5680 0.6761 	 6.0240 0.6503 
16 	 6.6900 0.6301 	 6.6320 0.6512 	 33.8100 1.6842 	 6.5740 0.7705 	 6.6580 0.6138 
17 	 11.4780 0.9560 	 11.3380 0.8793 	 29.3920 1.4408 	 11.0460 0.9114 	 11.4560 0.9603 
18 	 7.3420 0.6699 	 7.4700 0.7227 	 22.5460 1.2728 	 6.7260 0.6743 	 7.3300 0.6681 
19 	 5.1740 0.6761 	 5.3140 0.6118 	 23.5080 1.4507 	 5.3580 0.7137 	 5.1700 0.6783 
20 	 6.2740 0.7099 	 6.2680 0.6877 	 28.3340 1.6392 	 6.0620 0.6868 	 6.2540 0.6916 
21 	 14.4980 0.9988 	 14.3980 1.0404 	 36.0940 1.7635 	 14.5080 1.2112 	 14.4740 0.9776 
22 	 4.9320 0.5666 	 5.1640 0.6263 	 25.5720 1.5565 	 4.5960 0.5983 	 4.9140 0.5608 
23 	 19.0700 0.9658 	 18.7940 0.9161 	 32.7180 1.3804 	 18.5260 1.1904 	 19.0420 0.9438 
24 	 7.4700 0.7250 	 7.4520 0.8113 	 27.7020 1.4516 	 7.0240 0.8309 	 7.4420 0.7249 
25 	 5.6900 0.6854 	 5.7180 0.6728 	 21.7760 1.5430 	 5.1220 0.6457 	 5.6800 0.6934 
26 	 16.2560 0.9347 	 15.8460 0.8560 	 31.1040 1.5736 	 16.2440 1.0620 	 16.2300 0.9292 
27 	 9.6580 0.9098 	 9.7200 0.8125 	 29.2300 1.6092 	 8.9700 0.9335 	 9.6420 0.9085 
28 	 4.3380 0.5201 	 4.4340 0.5409 	 21.2980 1.3470 	 3.7940 0.5588 	 4.3340 0.5172 
29 	 8.5440 0.7543 	 8.3880 0.7552 	 31.1860 1.7073 	 8.4180 0.8106 	 8.5200 0.7617 
30 	 5.1980 0.5780 	 5.2300 0.5268 	 22.2020 1.3329 	 4.7760 0.6145 	 5.1740 0.5830 
31 	 15.4260 1.0149 	 15.0040 1.0090 	 39.7020 1.7926 	 15.5040 1.1822 	 15.3900 1.0088 
32 	 7.7280 0.7388 	 7.6700 0.7656 	 27.6280 1.3947 	 7.7160 0.8670 	 7.7020 0.7383 
33 	 7.0420 0.7074 	 7.0220 0.6863 	 28.4120 1.5750 	 7.0460 0.7390 	 7.0100 0.6936 
34 	 9.3620 0.8484 	 9.4980 0.8363 	 35.2140 1.5692 	 9.3100 0.9395 	 9.3500 0.8401 
35 	 6.1420 0.6552 	 6.3220 0.6581 	 25.4660 1.5448 	 5.9020 0.6609 	 6.1440 0.6600 
36 	 17.7040 1.0040 	 17.2360 1.0008 	 31.8200 1.6142 	 17.0260 1.0065 	 17.6740 0.9883 
37 	 8.2100 0.7698 	 8.2580 0.7282 	 32.4960 1.7163 	 7.8260 0.7405 	 8.1600 0.7873 
38 	 7.6080 0.6786 	 7.5060 0.6410 	 24.1820 1.2899 	 7.1700 0.7485 	 7.5740 0.6713 
39 	 7.4840 0.7770 	 7.5780 0.7727 	 25.5800 1.3779 	 7.1080 0.8304 	 7.4560 0.7796 
40 	 20.0580 1.0926 	 19.2140 0.9565 	 39.7760 1.5451 	 20.4300 1.2015 	 20.0720 1.0804 
41 	 9.5780 0.8743 	 9.7860 0.7249 	 26.5640 1.6838 	 9.1640 1.0156 	 9.5540 0.8701 
42 	 10.6700 0.7926 	 10.5940 0.7630 	 26.3280 1.4440 	 10.0740 0.9050 	 10.6420 0.7859 
43 	 13.8800 0.9048 	 13.7840 0.9354 	 32.9240 1.5590 	 13.2200 1.0826 	 13.8220 0.8944 
44 	 11.5380 0.8228 	 11.3120 0.8275 	 26.6080 1.5152 	 10.9280 0.9187 	 11.5140 0.8186 
45 	 11.4760 0.8612 	 11.4500 0.7550 	 28.7620 1.4410 	 10.9700 0.9481 	 11.4420 0.8510 
