Target Task 	 PA_personal 	 PA_shared 	 dso1 	 PA_extra 	 PA_extra_sim 
1 	 37.6720 1.6792 	 37.5220 1.6473 	 31.8700 1.6921 	 33.7820 1.5717 	 33.5720 1.5995 
2 	 27.3560 1.2910 	 26.4760 1.1843 	 24.3820 1.2054 	 23.8200 1.3554 	 24.2400 1.3178 
3 	 38.1020 1.8659 	 37.3220 1.6639 	 30.0940 1.4468 	 34.3980 1.6986 	 35.1300 1.8840 
4 	 41.5080 1.7365 	 41.1220 1.7305 	 35.4400 1.4592 	 38.1400 1.4435 	 38.4800 1.5932 
5 	 32.4300 1.4626 	 31.5460 1.2936 	 28.8440 1.5204 	 28.8920 1.3246 	 29.5060 1.3304 
6 	 30.4200 1.3617 	 29.8280 1.2290 	 24.2440 1.2029 	 26.4760 1.3856 	 26.8360 1.4316 
7 	 39.7660 1.7707 	 38.4800 1.5178 	 38.2300 1.5571 	 37.8640 1.8503 	 38.2180 1.7329 
8 	 42.6720 1.9306 	 41.5980 1.8540 	 37.2880 1.5792 	 39.3540 1.7663 	 40.1680 1.8411 
9 	 32.8620 1.4616 	 31.8600 1.4443 	 26.5820 1.1885 	 28.6260 1.5089 	 29.5120 1.4962 
10 	 39.7260 1.7566 	 39.3600 1.5192 	 34.8520 1.4863 	 36.6060 1.8245 	 37.0180 1.7703 
11 	 30.4600 1.4737 	 29.7940 1.4607 	 26.6160 1.3183 	 26.5520 1.5663 	 27.5680 1.5954 
12 	 41.5500 1.8857 	 41.3200 1.7366 	 35.9760 1.6061 	 39.3980 1.8259 	 39.6800 1.6733 
13 	 30.8300 1.5097 	 30.6660 1.4595 	 28.8240 1.4873 	 27.0860 1.4109 	 28.2420 1.4840 
14 	 29.6280 1.4422 	 28.8520 1.3969 	 27.0400 1.2779 	 25.6160 1.4613 	 26.5800 1.4006 
15 	 34.9640 1.6229 	 34.5620 1.3495 	 28.8640 1.2559 	 30.1220 1.5408 	 31.1480 1.5551 
16 	 41.1800 1.8735 	 40.5320 1.7304 	 36.3020 1.4574 	 37.9320 1.4392 	 38.9320 1.6734 
17 	 32.4680 1.4177 	 32.0480 1.3906 	 29.0480 1.3906 	 29.1080 1.5000 	 29.7940 1.3620 
18 	 30.6060 1.5524 	 30.1440 1.3906 	 26.2120 1.2914 	 26.3580 1.4228 	 27.2660 1.4763 
19 	 30.1560 1.3997 	 29.7400 1.2944 	 23.0680 1.2987 	 27.0160 1.5410 	 27.6040 1.3757 
20 	 34.1540 1.4405 	 33.8800 1.3627 	 30.5840 1.4419 	 30.7680 1.6470 	 31.5400 1.5961 
21 	 35.2800 1.4375 	 34.6880 1.4271 	 33.3060 1.6348 	 33.7500 1.6031 	 33.7600 1.5513 
22 	 28.6640 1.3824 	 28.5660 1.3160 	 23.5340 1.2614 	 25.0920 1.3884 	 25.7900 1.3090 
23 	 30.8220 1.4355 	 29.6740 1.2876 	 29.3960 1.3556 	 29.0220 1.5117 	 29.3880 1.4985 
24 	 31.8040 1.5361 	 31.0240 1.4587 	 24.8460 1.2120 	 28.4040 1.4691 	 28.9500 1.5587 
25 	 26.4800 1.1119 	 25.9600 1.1892 	 22.6820 1.2799 	 21.7880 1.3063 	 23.0320 1.2351 
26 	 37.8280 1.5229 	 37.0580 1.5480 	 33.4340 1.5380 	 35.3600 1.5518 	 36.0060 1.6214 
27 	 33.3180 1.5653 	 32.8680 1.5158 	 29.5640 1.4552 	 29.2340 1.5411 	 30.2920 1.3670 
28 	 24.5720 1.3630 	 23.8500 1.1981 	 18.1320 1.0881 	 20.7560 1.2258 	 21.4200 1.2730 
29 	 41.6840 1.7764 	 40.7820 1.8233 	 34.4140 1.4302 	 37.6560 1.7394 	 38.9500 1.7751 
30 	 26.2800 1.4498 	 25.5380 1.3320 	 22.0600 1.1461 	 22.0020 1.2571 	 23.2020 1.2660 
31 	 45.3640 2.1127 	 44.9840 2.0052 	 40.8540 1.6558 	 43.4660 2.0685 	 43.1420 1.9472 
32 	 34.5100 1.5780 	 33.7540 1.4677 	 28.0240 1.3346 	 30.5080 1.5772 	 31.5720 1.5746 
33 	 31.7800 1.5867 	 31.3860 1.4698 	 28.2040 1.3944 	 28.6940 1.3213 	 28.9360 1.4553 
34 	 37.4320 1.6585 	 36.4820 1.5136 	 34.3640 1.6117 	 34.6680 1.8006 	 35.1980 1.6941 
35 	 26.6340 1.2729 	 26.2620 1.2766 	 22.2220 1.4619 	 23.4440 1.4269 	 23.5360 1.4430 
36 	 31.8360 1.4260 	 30.3900 1.3916 	 30.2960 1.4186 	 30.1200 1.4730 	 30.3500 1.3422 
37 	 38.7760 1.7346 	 37.8120 1.6927 	 33.0380 1.4181 	 35.1700 1.6741 	 36.0020 1.6440 
38 	 27.6080 1.4773 	 27.2520 1.4049 	 22.3520 1.1845 	 23.9520 1.4434 	 24.7960 1.2741 
39 	 30.6480 1.4234 	 29.9360 1.3520 	 27.9360 1.5494 	 27.4180 1.2862 	 27.6400 1.2883 
40 	 43.5460 1.8246 	 42.5740 1.8221 	 44.0480 1.7285 	 41.5220 2.0471 	 42.0900 2.1096 
41 	 31.7440 1.4937 	 31.2260 1.5154 	 27.1120 1.4420 	 29.3760 1.5803 	 29.2400 1.5445 
42 	 29.4000 1.3574 	 28.2040 1.2342 	 26.9760 1.4445 	 27.0860 1.3249 	 27.5500 1.1893 
43 	 35.4020 1.3623 	 34.3200 1.2864 	 32.2400 1.4439 	 32.9700 1.6625 	 33.2420 1.4916 
44 	 31.0540 1.4953 	 30.2900 1.3799 	 27.8160 1.4215 	 27.5820 1.3436 	 28.2060 1.3440 
45 	 33.0220 1.4877 	 32.3220 1.4520 	 30.8620 1.4960 	 30.6400 1.5461 	 30.9260 1.5999 
