Task 	 PA 	 PA_NV 	 PA_SL 	 HetOTL 	 HetOTL_SL 	 OTLHS 
1 	 49.9040 2.1930 	 43.2000 1.8852 	 49.9040 2.1930 	 45.3460 2.0571 	 39.0020 1.6109 	 39.1560 1.7055 
2 	 50.1540 2.2969 	 35.9220 1.5271 	 50.1540 2.2969 	 38.7560 1.8492 	 32.1800 1.5608 	 32.3380 1.6655 
3 	 50.3400 2.2607 	 39.5200 2.0763 	 50.3400 2.2607 	 42.4680 2.0377 	 36.0360 1.6474 	 36.3380 1.7388 
4 	 50.0800 2.0044 	 44.9860 1.9391 	 50.0800 2.0044 	 46.6500 1.9239 	 40.0980 1.7955 	 40.2520 1.8217 
5 	 49.9940 2.1054 	 41.0020 1.7971 	 49.9940 2.1054 	 43.2720 1.8428 	 37.1860 1.6981 	 37.3040 1.7325 
6 	 50.6180 2.3066 	 36.1880 1.6843 	 50.6180 2.3066 	 39.1060 1.6440 	 31.2860 1.4403 	 31.5060 1.5046 
7 	 50.1160 2.3395 	 44.8680 1.9184 	 50.1160 2.3395 	 46.3440 1.9516 	 42.0040 1.7084 	 42.1320 1.7659 
8 	 49.9400 2.0549 	 43.4200 1.7369 	 49.9400 2.0549 	 45.6540 1.8389 	 38.9260 1.8139 	 39.1920 1.7956 
9 	 50.1460 2.0465 	 38.8480 1.6688 	 50.1460 2.0465 	 42.1240 1.8034 	 34.6180 1.4934 	 34.8360 1.5498 
10 	 50.2420 2.2221 	 42.2280 1.8729 	 50.2420 2.2221 	 44.4720 2.0539 	 39.0860 1.7582 	 39.2600 1.7840 
11 	 50.3300 2.3621 	 36.8280 1.4796 	 50.3300 2.3621 	 39.2220 1.8614 	 31.7620 1.5598 	 31.9200 1.5170 
12 	 50.1060 2.1281 	 42.0620 1.9837 	 50.1060 2.1281 	 43.8200 2.1963 	 36.2120 1.4492 	 36.5440 1.4774 
13 	 49.7680 2.2205 	 40.9220 1.6658 	 49.7680 2.2205 	 42.9420 1.9218 	 36.1000 1.3741 	 36.2880 1.4132 
14 	 50.2120 2.0743 	 36.9960 1.6285 	 50.2120 2.0743 	 39.5760 1.7012 	 32.7080 1.7010 	 32.9120 1.6905 
15 	 50.6420 2.4523 	 37.3940 1.5895 	 50.6420 2.4523 	 39.9760 1.8271 	 32.2740 1.6898 	 32.5200 1.6578 
16 	 49.9620 2.5358 	 44.6580 2.1056 	 49.9620 2.5358 	 45.8860 2.1756 	 39.4880 1.5651 	 39.6740 1.5943 
17 	 50.0200 2.1587 	 39.8980 1.8163 	 50.0200 2.1587 	 42.4080 1.8532 	 36.5980 1.7297 	 36.8740 1.7272 
18 	 49.8180 2.5504 	 38.0920 1.6006 	 49.8180 2.5504 	 41.0020 1.8045 	 34.4840 1.7054 	 34.6460 1.7214 
19 	 49.9940 2.2701 	 36.8540 1.7108 	 49.9940 2.2701 	 39.9700 1.8302 	 32.1140 1.7066 	 32.3120 1.6598 
20 	 49.7560 2.1793 	 40.4540 1.8405 	 49.7560 2.1793 	 42.7260 1.9298 	 36.9040 1.9002 	 37.0420 1.8469 
21 	 50.0720 2.0206 	 42.7400 1.7894 	 50.0720 2.0206 	 45.4500 1.9677 	 40.4620 1.6501 	 40.6260 1.7020 
22 	 49.8720 2.2363 	 35.5000 1.6087 	 49.8720 2.2363 	 37.7940 1.7722 	 30.5740 1.5175 	 30.8740 1.5434 
23 	 49.8280 2.1907 	 38.8780 1.9388 	 49.8280 2.1907 	 41.8060 1.9564 	 37.1200 1.9854 	 37.3340 1.9476 
24 	 50.0440 2.3318 	 34.8680 1.7142 	 50.0440 2.3318 	 38.2800 1.7352 	 31.0460 1.6200 	 31.1660 1.6478 
25 	 50.0820 2.0855 	 36.1580 1.5288 	 50.0820 2.0855 	 38.5900 1.7064 	 30.6600 1.3682 	 30.8860 1.4088 
26 	 49.8600 2.1442 	 41.7480 1.9400 	 49.8600 2.1442 	 44.3660 2.0233 	 38.6240 1.8229 	 38.8680 1.7941 
27 	 50.3080 2.0031 	 40.9680 1.7386 	 50.3080 2.0031 	 44.1220 1.9120 	 37.6500 1.9646 	 37.8340 2.0069 
28 	 50.2080 2.4271 	 27.5780 1.5069 	 50.2080 2.4271 	 30.3180 1.5232 	 23.0380 1.1176 	 23.2860 1.1272 
29 	 50.0940 2.3815 	 40.5840 1.6829 	 50.0940 2.3815 	 43.1560 2.0120 	 36.6240 1.6241 	 36.8180 1.6196 
30 	 50.5320 2.0793 	 33.4040 1.6682 	 50.5320 2.0793 	 36.1200 1.9217 	 28.2680 1.4240 	 28.4920 1.5711 
31 	 49.9100 2.2857 	 46.3820 2.0253 	 49.9100 2.2857 	 47.9640 2.0834 	 42.0040 1.7546 	 42.1620 1.7822 
32 	 49.7420 2.4353 	 39.9240 1.8186 	 49.7420 2.4353 	 42.4640 1.9750 	 34.5960 1.7294 	 34.7520 1.7705 
33 	 50.3340 2.0724 	 39.4800 1.6875 	 50.3340 2.0724 	 41.9220 1.6156 	 35.1380 1.6841 	 35.4660 1.7514 
34 	 50.2120 2.2953 	 41.9160 1.8189 	 50.2120 2.2953 	 44.1660 2.1164 	 38.0760 1.9457 	 38.2820 1.8370 
35 	 49.8900 2.5302 	 34.6580 1.6407 	 49.8900 2.5302 	 36.5240 1.6812 	 29.6780 1.5191 	 29.9240 1.5098 
36 	 50.5320 2.2322 	 36.9040 1.6299 	 50.5320 2.2322 	 39.5560 1.7849 	 34.6600 1.5928 	 34.8700 1.5428 
37 	 50.2140 2.1349 	 39.7000 1.7123 	 50.2140 2.1349 	 42.7760 1.7826 	 35.5240 1.6575 	 35.6720 1.7409 
38 	 50.4880 2.5947 	 35.1320 1.4741 	 50.4880 2.5947 	 37.6640 1.7277 	 30.7080 1.6182 	 30.9420 1.5920 
39 	 50.2160 2.1781 	 39.9580 1.6763 	 50.2160 2.1781 	 43.1880 1.7461 	 36.7480 1.5185 	 36.9380 1.5639 
40 	 50.2960 2.3537 	 47.9260 1.9392 	 50.2960 2.3537 	 48.6640 2.1409 	 43.7080 1.7427 	 43.9900 1.8269 
41 	 50.2760 2.1227 	 39.5600 1.7389 	 50.2760 2.1227 	 42.5660 1.7611 	 34.5860 1.6835 	 34.7560 1.7197 
42 	 49.9880 1.8569 	 36.8940 1.6403 	 49.9880 1.8569 	 40.4780 1.7544 	 33.8760 1.5822 	 34.0420 1.5917 
43 	 50.1100 2.3578 	 40.6700 2.0315 	 50.1100 2.3578 	 43.7520 2.1358 	 37.0160 1.6192 	 37.2580 1.6308 
44 	 50.1220 2.2865 	 39.5360 1.7677 	 50.1220 2.2865 	 42.1620 1.9947 	 35.0860 1.5690 	 35.2740 1.5286 
45 	 50.2020 2.1730 	 40.5880 1.9951 	 50.2020 2.1730 	 43.6860 2.1034 	 37.4940 1.6950 	 37.6740 1.6972 
