Task 	 PA 	 PA_NV 	 PA_SL 	 HetOTL 	 HetOTL_SL 	 OTLHS 
1 	 76.4180 2.1311 	 77.6700 2.1334 	 95.9120 1.2928 	 154.2320 4.5302 	 258.1200 5.1154 	 258.6600 4.9166 
2 	 71.5120 2.2954 	 73.0640 1.8131 	 94.6740 1.2807 	 148.5760 3.8595 	 256.4960 4.2298 	 256.9680 4.4175 
3 	 73.2940 2.1691 	 76.8260 1.9601 	 95.2140 1.1687 	 154.2560 3.7590 	 248.4960 4.4990 	 248.8800 4.3369 
4 	 76.1540 2.0697 	 79.4080 1.8111 	 95.8540 1.2687 	 157.0880 3.8606 	 263.8600 4.6507 	 264.3000 4.7551 
5 	 72.7120 2.2535 	 76.9880 1.8306 	 94.9960 1.3801 	 153.7560 3.7656 	 259.5480 4.6563 	 260.1720 4.4850 
6 	 73.0140 1.9085 	 72.9240 1.7400 	 95.2240 1.3568 	 147.8840 3.0687 	 243.8400 4.4338 	 244.6720 4.3081 
7 	 72.3720 2.2747 	 80.6120 1.7516 	 95.9340 1.3851 	 159.4360 3.6942 	 288.6720 4.3732 	 288.5800 4.2645 
8 	 74.1500 1.8185 	 79.7280 1.7495 	 95.8960 1.2641 	 156.6880 3.9357 	 279.6080 4.4911 	 279.5160 4.5070 
9 	 73.5180 2.2142 	 76.1220 1.9307 	 95.3440 1.3481 	 153.0480 3.9507 	 254.9920 4.5616 	 255.8240 4.5091 
10 	 75.7920 2.2976 	 77.0300 1.8338 	 95.8200 1.1846 	 155.0040 3.7140 	 259.7680 4.4412 	 260.3880 4.6267 
11 	 73.2440 2.2163 	 74.2460 1.6312 	 94.9920 1.4419 	 150.1440 3.7877 	 249.2240 4.9959 	 249.5960 5.2581 
12 	 75.8940 2.1383 	 78.5060 1.9454 	 96.2340 1.1079 	 154.7080 4.1685 	 260.2520 4.8221 	 261.0520 4.8461 
13 	 74.4660 1.9658 	 79.3540 1.7940 	 95.9040 1.3428 	 157.1120 3.6887 	 264.8520 4.8926 	 265.2320 4.8164 
14 	 71.4200 2.1895 	 74.5420 2.0196 	 94.8020 1.3308 	 152.3480 3.5830 	 257.5000 5.2294 	 258.0520 5.3586 
15 	 73.0980 2.3389 	 75.2280 2.0275 	 95.2160 1.4024 	 152.3400 3.8393 	 255.8560 4.4388 	 256.3400 4.5905 
16 	 75.5600 2.4538 	 80.6400 1.9322 	 95.9140 1.3123 	 157.7120 3.9180 	 267.2960 4.8539 	 267.4400 4.8549 
17 	 74.1920 2.1653 	 76.6020 2.0342 	 96.0740 1.2032 	 155.3960 3.8991 	 269.3960 4.4606 	 269.5240 4.6653 
18 	 73.8880 2.1950 	 75.8880 1.7806 	 95.3980 1.3228 	 154.1760 3.8068 	 258.3680 4.4425 	 258.4600 4.3471 
19 	 72.3700 2.1549 	 74.5940 1.8516 	 94.9340 1.3333 	 150.7320 3.8535 	 241.5600 4.5299 	 242.1000 4.8149 
20 	 74.2200 2.3547 	 77.2900 1.9017 	 95.4820 1.3571 	 154.1360 3.9246 	 260.5080 4.6716 	 261.0760 4.4008 
21 	 72.8400 1.8712 	 80.9540 1.5977 	 95.7840 1.1863 	 160.0320 3.4068 	 287.9880 4.8650 	 288.0720 4.9526 
22 	 75.0220 2.1922 	 75.2520 1.7808 	 95.5400 1.2360 	 149.3360 3.8313 	 232.9720 4.8696 	 234.1400 4.8360 
23 	 71.3500 2.1523 	 77.7560 1.7036 	 95.5100 1.2837 	 155.8240 3.6134 	 283.4880 4.8818 	 283.0560 4.6850 
24 	 72.3820 2.3457 	 75.3360 1.7809 	 95.0520 1.4732 	 151.9680 3.6376 	 252.6880 4.9424 	 252.8520 4.7735 
25 	 74.1520 1.9740 	 75.4780 1.8865 	 95.3040 1.2816 	 150.0280 3.5246 	 244.9520 5.1486 	 246.1160 5.1759 
26 	 74.3440 2.2804 	 80.4040 1.7380 	 96.2380 1.1805 	 159.4520 3.6429 	 286.2200 3.7235 	 286.0360 3.5854 
27 	 75.2640 2.0437 	 81.0080 1.4653 	 96.2460 1.2030 	 160.6120 3.0882 	 275.7400 4.0191 	 275.9480 4.1731 
28 	 71.9060 2.1712 	 66.1100 1.9826 	 94.4980 1.4257 	 137.6440 4.1782 	 216.3640 5.8515 	 217.1400 5.6615 
29 	 73.1420 2.3694 	 77.5500 1.8096 	 95.8660 1.4310 	 155.6320 3.6984 	 263.9080 5.0478 	 264.2640 5.1878 
30 	 72.2020 2.1239 	 72.3920 1.7272 	 95.0120 1.3190 	 148.9400 3.6134 	 241.7240 5.3266 	 242.6840 5.6317 
31 	 75.7560 2.1050 	 80.9360 1.8001 	 96.2420 1.2185 	 157.8280 3.5679 	 283.2160 4.6616 	 283.0280 4.5891 
32 	 72.8560 2.4810 	 77.2400 1.9240 	 95.2300 1.4446 	 154.3520 3.9275 	 259.8400 4.3884 	 260.0920 4.5497 
33 	 74.4220 2.2432 	 75.8340 2.0287 	 95.6800 1.3538 	 153.3320 4.0350 	 254.4520 5.1066 	 255.2840 5.2703 
34 	 73.3700 2.1665 	 78.0120 1.8789 	 95.6640 1.4298 	 156.4480 3.4775 	 272.8640 4.9641 	 273.5480 5.2242 
35 	 74.1140 2.4826 	 71.4180 1.9330 	 95.5300 1.4043 	 145.8040 4.0472 	 229.4920 4.9804 	 229.9040 5.1430 
36 	 72.1200 2.2289 	 72.9880 1.7895 	 95.7440 1.0324 	 150.0200 3.7061 	 275.2680 4.6213 	 275.2880 4.3542 
37 	 72.9200 2.2177 	 76.2000 2.0615 	 95.3320 1.1432 	 154.5160 3.7035 	 261.4320 4.6890 	 261.7680 4.7069 
38 	 74.6500 2.3696 	 72.9620 1.8973 	 95.8120 1.3797 	 147.6960 4.3840 	 241.3920 4.6881 	 242.0320 4.7300 
39 	 74.0540 2.0400 	 76.8980 1.7804 	 95.6700 1.2638 	 154.0840 3.4137 	 262.2560 4.5736 	 262.5520 4.3880 
40 	 73.2160 2.3676 	 83.7000 1.4235 	 96.3540 1.1166 	 162.8400 3.0524 	 294.8600 4.6697 	 294.1600 4.7335 
41 	 74.7940 2.1342 	 78.5300 1.7159 	 95.9820 1.3141 	 153.9880 3.7340 	 263.0680 4.4702 	 263.6480 4.4800 
42 	 71.7260 2.0577 	 76.3040 1.6197 	 94.9600 1.2286 	 154.5080 3.3471 	 267.8880 4.4655 	 268.2120 4.4754 
43 	 72.7140 2.2859 	 79.0580 1.7708 	 96.0140 1.1135 	 156.9320 3.5904 	 281.2640 4.5998 	 281.8640 4.3689 
44 	 74.4920 2.1613 	 77.9420 1.6089 	 95.9840 1.3032 	 154.9400 3.7731 	 270.5720 5.2838 	 270.9400 5.4215 
45 	 74.3160 2.2465 	 78.2360 1.6912 	 96.2000 1.4225 	 156.9040 3.6139 	 274.5360 4.9195 	 274.4160 5.1225 
