Task 	 PA 	 PA_NV 	 PA_SL 	 HetOTL 	 HetOTL_SL 	 OTLHS 
1 	 0.0061 0.0014 	 0.0153 0.0034 	 0.0117 0.0027 	 0.0192 0.0042 	 0.0394 0.0082 	 0.0375 0.0079 
2 	 0.0055 0.0013 	 0.0149 0.0033 	 0.0113 0.0026 	 0.0182 0.0041 	 0.0369 0.0076 	 0.0357 0.0076 
3 	 0.0055 0.0013 	 0.0146 0.0032 	 0.0109 0.0024 	 0.0182 0.0039 	 0.0370 0.0074 	 0.0355 0.0071 
4 	 0.0058 0.0014 	 0.0149 0.0032 	 0.0114 0.0025 	 0.0193 0.0042 	 0.0384 0.0075 	 0.0376 0.0074 
5 	 0.0056 0.0013 	 0.0153 0.0034 	 0.0112 0.0025 	 0.0188 0.0041 	 0.0385 0.0078 	 0.0370 0.0072 
6 	 0.0053 0.0013 	 0.0149 0.0033 	 0.0110 0.0025 	 0.0186 0.0040 	 0.0373 0.0074 	 0.0360 0.0075 
7 	 0.0055 0.0013 	 0.0154 0.0035 	 0.0118 0.0027 	 0.0192 0.0041 	 0.0408 0.0081 	 0.0397 0.0077 
8 	 0.0057 0.0013 	 0.0152 0.0032 	 0.0119 0.0026 	 0.0199 0.0042 	 0.0407 0.0080 	 0.0389 0.0075 
9 	 0.0069 0.0011 	 0.0189 0.0027 	 0.0141 0.0020 	 0.0240 0.0031 	 0.0477 0.0058 	 0.0462 0.0056 
10 	 0.0057 0.0013 	 0.0148 0.0032 	 0.0112 0.0025 	 0.0178 0.0034 	 0.0374 0.0071 	 0.0359 0.0067 
11 	 0.0060 0.0014 	 0.0165 0.0035 	 0.0122 0.0028 	 0.0207 0.0046 	 0.0412 0.0085 	 0.0406 0.0082 
12 	 0.0071 0.0013 	 0.0187 0.0031 	 0.0143 0.0024 	 0.0235 0.0038 	 0.0478 0.0073 	 0.0468 0.0070 
13 	 0.0070 0.0010 	 0.0191 0.0026 	 0.0145 0.0020 	 0.0238 0.0034 	 0.0488 0.0062 	 0.0475 0.0057 
14 	 0.0061 0.0013 	 0.0174 0.0034 	 0.0126 0.0025 	 0.0208 0.0044 	 0.0432 0.0079 	 0.0417 0.0080 
15 	 0.0067 0.0013 	 0.0180 0.0033 	 0.0135 0.0025 	 0.0221 0.0042 	 0.0455 0.0078 	 0.0438 0.0080 
16 	 0.0069 0.0013 	 0.0184 0.0032 	 0.0136 0.0025 	 0.0231 0.0042 	 0.0471 0.0076 	 0.0459 0.0076 
17 	 0.0066 0.0013 	 0.0178 0.0033 	 0.0140 0.0025 	 0.0221 0.0042 	 0.0461 0.0080 	 0.0449 0.0077 
18 	 0.0063 0.0014 	 0.0176 0.0036 	 0.0132 0.0027 	 0.0223 0.0043 	 0.0460 0.0074 	 0.0438 0.0080 
19 	 0.0065 0.0013 	 0.0182 0.0033 	 0.0137 0.0026 	 0.0221 0.0043 	 0.0455 0.0077 	 0.0437 0.0077 
20 	 0.0061 0.0014 	 0.0167 0.0037 	 0.0126 0.0028 	 0.0213 0.0045 	 0.0435 0.0084 	 0.0421 0.0083 
21 	 0.0062 0.0014 	 0.0174 0.0036 	 0.0131 0.0029 	 0.0217 0.0047 	 0.0469 0.0088 	 0.0448 0.0086 
22 	 0.0061 0.0015 	 0.0166 0.0036 	 0.0127 0.0029 	 0.0211 0.0044 	 0.0416 0.0082 	 0.0411 0.0083 
23 	 0.0059 0.0013 	 0.0173 0.0037 	 0.0134 0.0028 	 0.0215 0.0043 	 0.0459 0.0085 	 0.0453 0.0082 
24 	 0.0061 0.0014 	 0.0174 0.0036 	 0.0129 0.0028 	 0.0212 0.0045 	 0.0439 0.0087 	 0.0423 0.0085 
25 	 0.0061 0.0014 	 0.0172 0.0037 	 0.0126 0.0027 	 0.0213 0.0045 	 0.0424 0.0085 	 0.0412 0.0082 
26 	 0.0060 0.0015 	 0.0164 0.0037 	 0.0128 0.0029 	 0.0210 0.0048 	 0.0441 0.0091 	 0.0431 0.0089 
27 	 0.0065 0.0014 	 0.0177 0.0036 	 0.0135 0.0028 	 0.0220 0.0045 	 0.0463 0.0084 	 0.0444 0.0085 
28 	 0.0061 0.0012 	 0.0176 0.0032 	 0.0128 0.0025 	 0.0214 0.0039 	 0.0423 0.0070 	 0.0415 0.0071 
29 	 0.0065 0.0014 	 0.0177 0.0035 	 0.0134 0.0027 	 0.0225 0.0043 	 0.0458 0.0082 	 0.0446 0.0079 
30 	 0.0059 0.0013 	 0.0170 0.0035 	 0.0125 0.0026 	 0.0208 0.0043 	 0.0419 0.0078 	 0.0412 0.0078 
31 	 0.0067 0.0014 	 0.0177 0.0036 	 0.0136 0.0029 	 0.0226 0.0045 	 0.0476 0.0089 	 0.0450 0.0086 
32 	 0.0064 0.0014 	 0.0175 0.0036 	 0.0131 0.0026 	 0.0222 0.0043 	 0.0453 0.0080 	 0.0439 0.0083 
33 	 0.0065 0.0014 	 0.0176 0.0036 	 0.0132 0.0027 	 0.0227 0.0040 	 0.0453 0.0081 	 0.0441 0.0076 
34 	 0.0063 0.0014 	 0.0171 0.0036 	 0.0132 0.0029 	 0.0214 0.0045 	 0.0449 0.0085 	 0.0435 0.0085 
35 	 0.0062 0.0014 	 0.0175 0.0034 	 0.0131 0.0028 	 0.0216 0.0044 	 0.0435 0.0081 	 0.0410 0.0082 
36 	 0.0063 0.0012 	 0.0180 0.0031 	 0.0139 0.0025 	 0.0227 0.0036 	 0.0470 0.0074 	 0.0459 0.0071 
37 	 0.0065 0.0013 	 0.0178 0.0034 	 0.0135 0.0027 	 0.0225 0.0041 	 0.0470 0.0078 	 0.0440 0.0081 
38 	 0.0064 0.0014 	 0.0175 0.0036 	 0.0132 0.0028 	 0.0219 0.0042 	 0.0443 0.0077 	 0.0430 0.0077 
39 	 0.0064 0.0013 	 0.0179 0.0034 	 0.0137 0.0026 	 0.0225 0.0042 	 0.0456 0.0081 	 0.0446 0.0075 
40 	 0.0066 0.0014 	 0.0181 0.0036 	 0.0140 0.0028 	 0.0225 0.0045 	 0.0482 0.0089 	 0.0465 0.0083 
41 	 0.0064 0.0014 	 0.0179 0.0036 	 0.0137 0.0028 	 0.0218 0.0046 	 0.0454 0.0088 	 0.0442 0.0082 
42 	 0.0059 0.0014 	 0.0176 0.0036 	 0.0128 0.0027 	 0.0217 0.0042 	 0.0448 0.0082 	 0.0434 0.0077 
43 	 0.0062 0.0014 	 0.0175 0.0036 	 0.0133 0.0028 	 0.0219 0.0044 	 0.0465 0.0087 	 0.0447 0.0083 
44 	 0.0063 0.0013 	 0.0179 0.0036 	 0.0136 0.0027 	 0.0221 0.0044 	 0.0455 0.0087 	 0.0446 0.0080 
45 	 0.0066 0.0013 	 0.0180 0.0033 	 0.0140 0.0027 	 0.0228 0.0044 	 0.0476 0.0078 	 0.0455 0.0077 
