Task 	 PA 	 PA_NV 	 PA_SL 	 HetOTL 	 HetOTL_SL 	 OTLHS 
1 	 37.7740 1.6408 	 41.1040 1.6696 	 39.2400 1.6873 	 39.3120 1.3012 	 34.3740 1.2901 	 33.4420 1.4268 
2 	 26.2360 1.1569 	 32.6680 1.3825 	 26.3800 0.9528 	 27.0020 1.0585 	 24.9820 1.0119 	 24.4120 1.2312 
3 	 37.2500 1.5739 	 36.8060 1.4995 	 37.3840 1.6100 	 34.6300 1.2105 	 30.5480 1.1815 	 30.5420 1.4031 
4 	 41.3920 1.6146 	 43.2500 1.7159 	 42.4700 1.5643 	 41.7400 1.6011 	 35.6700 1.3857 	 35.1280 1.4095 
5 	 31.3920 1.3409 	 38.6820 1.4551 	 31.5560 1.1422 	 32.5020 1.2042 	 29.8060 1.2916 	 29.1040 1.2790 
6 	 29.7720 1.0575 	 33.2160 1.4941 	 30.4740 1.0957 	 29.4800 1.1613 	 25.8100 1.1372 	 25.3380 1.4508 
7 	 38.1140 1.4057 	 43.5540 1.5546 	 37.6740 1.3779 	 38.9020 1.4979 	 37.0860 1.5899 	 36.5960 1.6318 
8 	 41.6120 1.7548 	 41.0580 1.7071 	 41.5940 1.8494 	 39.9220 1.4489 	 34.4560 1.2789 	 34.7360 1.3780 
9 	 31.8540 1.4173 	 36.3100 1.5256 	 32.4240 1.2894 	 32.5780 1.1727 	 27.9180 1.1460 	 27.6060 1.2376 
10 	 39.5540 1.5743 	 40.3860 1.7038 	 40.6620 1.5175 	 39.0220 1.2197 	 35.4860 1.2557 	 34.7560 1.5025 
11 	 30.1380 1.4539 	 33.4060 1.3527 	 30.8000 1.2968 	 29.6160 1.0616 	 26.0420 1.0286 	 25.6020 1.0064 
12 	 41.4840 1.6738 	 39.4520 1.4432 	 42.1680 1.6262 	 37.9100 1.3948 	 32.4740 1.1884 	 32.6400 1.2556 
13 	 30.8920 1.4268 	 37.6760 1.2901 	 32.1880 1.4179 	 33.1260 1.2242 	 30.0820 1.1250 	 29.3000 1.3474 
14 	 28.7200 1.2858 	 33.5940 1.5302 	 28.8020 1.1457 	 28.0420 1.0687 	 24.7900 1.0251 	 24.7800 1.2425 
15 	 34.6900 1.4810 	 34.1400 1.3192 	 35.7060 1.3470 	 31.6980 1.2065 	 27.3960 1.0929 	 27.0820 1.2723 
16 	 40.8700 1.5986 	 42.6540 1.6687 	 41.3840 1.5598 	 40.3260 1.3552 	 35.6320 1.1469 	 35.5640 1.2978 
17 	 32.2420 1.3834 	 37.5600 1.4839 	 33.7540 1.3242 	 34.1380 1.2651 	 29.6620 1.1096 	 29.1460 1.4221 
18 	 30.3240 1.3342 	 35.5460 1.5130 	 31.1200 1.1406 	 31.6120 1.1437 	 27.9820 1.1463 	 26.9680 1.3465 
19 	 29.6760 1.3928 	 33.6760 1.4326 	 30.8320 1.3125 	 29.6080 1.0712 	 25.0240 1.1127 	 24.6160 1.3020 
20 	 34.0540 1.4644 	 38.3960 1.6932 	 34.8940 1.4101 	 34.9680 1.2146 	 31.2680 1.2158 	 30.4960 1.4269 
21 	 34.6760 1.3525 	 41.5040 1.7243 	 34.7900 1.2803 	 36.2860 1.4364 	 33.9700 1.3723 	 33.5300 1.2950 
22 	 28.7720 1.3264 	 32.1460 1.3998 	 30.1560 1.2590 	 28.2100 1.1243 	 24.2640 1.0355 	 23.9060 0.9898 
23 	 29.3780 1.2582 	 36.6640 1.5109 	 28.8120 1.1989 	 29.7820 1.0840 	 27.8180 1.3562 	 28.0220 1.4284 
24 	 30.9160 1.3793 	 31.5800 1.3497 	 31.2520 1.3414 	 27.6800 0.9736 	 24.2360 0.9783 	 23.9280 1.1447 
25 	 26.0860 1.2175 	 32.3800 1.1646 	 27.1700 1.1632 	 27.8680 1.0825 	 24.6420 0.8946 	 23.9820 0.9761 
26 	 37.1300 1.5844 	 39.4800 1.6755 	 37.5340 1.4131 	 37.6520 1.3124 	 32.5400 1.2136 	 32.3760 1.3574 
27 	 32.8000 1.3660 	 38.9740 1.5252 	 34.4940 1.2615 	 35.7200 1.3990 	 31.2660 1.2479 	 30.8740 1.4052 
28 	 23.8500 1.1767 	 23.7540 1.0479 	 24.5560 1.0412 	 20.8420 1.0132 	 17.7940 0.8624 	 17.4960 0.9430 
29 	 40.9580 1.7946 	 38.2020 1.5344 	 41.1400 1.4990 	 38.5480 1.3402 	 33.8700 1.4933 	 33.2880 1.4747 
30 	 25.4340 1.2707 	 29.0220 1.1533 	 25.6440 1.1622 	 24.2700 1.0108 	 21.3380 1.0455 	 21.7360 1.0723 
31 	 45.0260 2.0643 	 44.9040 1.7964 	 45.2600 1.7196 	 44.5140 1.6432 	 38.2440 1.3767 	 38.4040 1.4713 
32 	 33.7040 1.5008 	 37.1100 1.3729 	 34.5120 1.3843 	 33.0800 1.1939 	 28.5000 1.1312 	 28.7120 1.4818 
33 	 31.5440 1.3871 	 36.1020 1.4043 	 33.2060 1.4269 	 32.6080 1.2187 	 28.7620 1.1330 	 28.8840 1.2088 
34 	 36.3340 1.5740 	 39.7420 1.5782 	 36.4260 1.4723 	 36.4920 1.2897 	 33.5900 1.3265 	 33.4240 1.4870 
35 	 26.6040 1.1589 	 31.2780 1.2374 	 28.1940 1.3112 	 26.9540 0.9487 	 23.4200 0.9059 	 22.8340 1.1509 
36 	 29.7180 1.4448 	 33.7120 1.3512 	 29.0040 1.1519 	 29.4460 1.0475 	 26.8800 1.1679 	 27.4300 1.3979 
37 	 37.6240 1.5367 	 37.7680 1.4885 	 37.4540 1.3695 	 35.5900 1.4066 	 31.6160 1.3284 	 31.4220 1.4694 
38 	 27.2800 1.3760 	 31.3260 1.2282 	 28.8000 1.2915 	 27.5980 1.0144 	 23.9620 0.9042 	 23.6000 1.1919 
39 	 29.9500 1.3237 	 38.1900 1.5574 	 30.4660 1.3958 	 33.3620 1.2173 	 29.6160 1.1826 	 29.1160 1.3061 
40 	 42.2880 1.7612 	 46.5620 1.6393 	 41.9960 1.4636 	 43.2840 1.3763 	 39.6580 1.6545 	 40.1480 1.8301 
41 	 31.2380 1.3208 	 37.4860 1.4609 	 32.1480 1.4357 	 33.4580 1.1814 	 28.7760 1.1185 	 28.4760 1.2442 
42 	 28.0040 1.2553 	 34.3360 1.2728 	 27.7800 1.1443 	 28.7560 1.2406 	 26.6320 1.1574 	 26.6880 1.4518 
43 	 34.0440 1.3201 	 38.5080 1.5705 	 33.9460 1.1741 	 34.6640 1.2426 	 30.3740 1.1619 	 30.3540 1.2597 
44 	 30.1480 1.3847 	 36.7160 1.4103 	 30.5240 1.0138 	 32.1520 1.1841 	 27.3240 1.2374 	 27.3320 1.3240 
45 	 32.4340 1.6091 	 38.2300 1.5048 	 33.1240 1.4056 	 34.5620 1.2325 	 30.2680 1.3965 	 29.9500 1.4873 
