Task 	 PA 	 PA_NV 	 PA_SL 	 HetOTL 	 HetOTL_SL 	 OTLHS 
1 	 87.7120 1.2359 	 81.8420 1.8304 	 97.2080 0.8331 	 179.4880 2.7602 	 279.9480 3.2752 	 264.5200 4.1439 
2 	 71.1340 1.5090 	 75.2400 1.7049 	 83.3820 1.3778 	 147.2320 2.5802 	 235.4800 3.4948 	 227.2480 4.3326 
3 	 83.9480 1.5780 	 79.6780 1.5776 	 93.4140 1.1153 	 168.1960 2.6670 	 260.0280 3.8620 	 246.8240 4.8385 
4 	 89.1700 1.3494 	 83.3080 1.6016 	 97.6260 0.7019 	 182.2440 2.7330 	 283.3200 3.1871 	 268.5600 4.1600 
5 	 77.9800 1.4195 	 80.1880 1.5138 	 90.3960 1.0988 	 164.3680 2.2782 	 265.0840 3.5846 	 250.8880 4.2517 
6 	 77.0780 1.4383 	 74.6620 1.5554 	 89.4300 1.0516 	 158.1640 2.7555 	 247.2320 3.9380 	 232.5600 3.8463 
7 	 81.0380 1.5244 	 84.4500 1.5296 	 92.4720 1.1747 	 173.0360 2.5344 	 311.8600 3.6614 	 293.3080 3.9695 
8 	 84.9160 1.5638 	 82.8080 1.5361 	 95.3820 0.9329 	 177.3360 2.7656 	 295.1240 3.5206 	 278.7680 4.3676 
9 	 79.3040 1.6905 	 78.8000 1.7922 	 91.5700 1.1890 	 167.4680 2.6600 	 256.4960 3.6776 	 243.2520 4.2036 
10 	 87.0840 1.3872 	 80.9780 1.5949 	 96.5820 0.8954 	 177.6800 2.6294 	 281.6200 3.9028 	 267.5360 4.0393 
11 	 77.1640 1.6197 	 76.0920 1.7081 	 89.3580 1.1646 	 158.5400 2.8178 	 249.4920 3.6172 	 237.2880 4.3583 
12 	 89.2260 1.4000 	 81.1380 1.4732 	 97.7160 0.6788 	 176.5920 2.5269 	 283.4960 3.3896 	 271.8200 4.9763 
13 	 80.9660 1.5508 	 81.1540 1.6595 	 93.4860 1.0313 	 170.3880 2.6463 	 272.3440 3.5414 	 259.0360 4.6150 
14 	 73.5300 1.7721 	 77.0020 1.5772 	 84.7920 1.3076 	 151.8240 2.4607 	 245.7000 3.4453 	 235.9480 4.0708 
15 	 82.8700 1.5610 	 77.5200 1.8488 	 93.3860 1.2884 	 163.8560 2.3459 	 260.8720 3.5616 	 248.1080 4.5204 
16 	 87.5500 1.4941 	 83.6040 1.7179 	 96.7980 0.8805 	 179.0640 2.7615 	 281.3400 3.8132 	 273.2520 4.4501 
17 	 82.0780 1.4923 	 80.3340 1.7028 	 94.1980 1.0953 	 172.2280 2.6185 	 285.0720 3.9101 	 267.8640 4.3041 
18 	 79.1560 1.6097 	 78.6840 1.6111 	 91.9400 1.0804 	 169.0800 2.5289 	 267.1920 3.7609 	 250.2320 4.2622 
19 	 78.7880 1.4483 	 77.2960 1.5373 	 90.3440 1.3451 	 161.7520 2.9360 	 255.3640 3.3731 	 237.8000 3.8983 
20 	 82.6460 1.3275 	 80.2080 1.5598 	 93.6480 1.1690 	 172.2640 2.3567 	 272.2760 3.4833 	 259.1360 4.3850 
21 	 82.1980 1.5041 	 84.4740 1.4745 	 93.4400 1.0932 	 174.0360 2.3039 	 312.4680 3.2437 	 292.1120 4.0978 
22 	 80.0480 1.1990 	 76.2140 1.5267 	 93.0320 0.9751 	 163.7120 2.7690 	 240.8760 3.4006 	 230.1640 4.6020 
23 	 73.0280 1.7514 	 80.3500 1.4457 	 86.1760 1.4237 	 156.7160 2.3656 	 295.4160 3.9543 	 277.3160 4.1195 
24 	 77.8140 1.6206 	 76.9580 1.5169 	 89.8880 1.2634 	 160.1480 2.8538 	 257.9360 3.8976 	 242.5960 4.0810 
25 	 76.3080 1.3767 	 76.3000 1.6157 	 89.9200 1.1072 	 159.3280 2.9050 	 238.5720 3.9827 	 229.9520 4.8480 
26 	 84.3340 1.5526 	 83.7480 1.5310 	 95.6340 0.9203 	 179.8480 2.5246 	 308.8200 3.0608 	 288.4680 3.8024 
27 	 83.8220 1.5055 	 83.7260 1.4227 	 95.6220 1.0245 	 178.8600 2.4732 	 291.1320 3.4881 	 274.0400 4.0564 
28 	 68.7740 1.5169 	 66.5180 1.6825 	 81.1600 1.4589 	 134.2520 2.7211 	 205.5120 3.7297 	 198.1840 4.5686 
29 	 84.9420 1.7637 	 80.9080 1.6559 	 95.4860 1.1322 	 174.6920 2.9765 	 279.1080 3.8299 	 262.1720 4.7069 
30 	 69.7400 1.4685 	 73.7680 1.6322 	 82.5200 1.2595 	 145.3480 2.3645 	 227.6840 3.5433 	 219.1880 3.9169 
31 	 90.4100 1.4446 	 85.3020 1.5472 	 98.0120 0.7054 	 183.9040 2.5654 	 314.1560 3.8387 	 298.4760 4.2749 
32 	 80.4980 1.5864 	 80.1260 1.8466 	 92.1500 1.2062 	 166.9160 2.7993 	 270.9640 3.5314 	 254.7840 4.1084 
33 	 82.2200 1.4032 	 78.2520 1.8332 	 94.2100 1.0211 	 167.7720 2.6357 	 266.7080 3.8239 	 253.0560 4.1521 
34 	 81.8940 1.6720 	 81.6040 1.6438 	 92.9440 1.1861 	 172.3200 2.5836 	 290.7280 3.7170 	 275.0320 4.3630 
35 	 78.1760 1.4788 	 73.6260 1.6396 	 91.5880 1.1256 	 159.1040 2.6788 	 245.0920 3.7643 	 228.2360 4.0057 
36 	 72.2820 1.6849 	 75.6980 1.5102 	 85.5880 1.5632 	 153.8480 2.6089 	 275.6720 3.8288 	 265.0120 4.6486 
37 	 82.3780 1.6682 	 80.1700 1.7529 	 92.9880 1.0571 	 170.6000 2.6791 	 282.2920 3.0484 	 263.0360 4.1269 
38 	 78.3760 1.3652 	 73.8220 1.6468 	 91.8860 1.0321 	 158.9680 2.6516 	 244.8080 3.5573 	 233.2920 4.2836 
39 	 79.1660 1.3642 	 80.4240 1.5876 	 91.7660 1.0731 	 169.6600 2.0168 	 269.8120 3.6477 	 253.9200 4.1503 
40 	 86.6100 1.6753 	 87.0660 1.2560 	 96.0500 0.9374 	 180.0880 2.4648 	 322.1320 3.2921 	 307.9480 4.2590 
41 	 80.5560 1.4610 	 81.3120 1.6434 	 93.0740 1.0627 	 171.9080 2.7991 	 279.2960 3.6885 	 260.9120 3.8485 
42 	 71.5340 1.5830 	 78.8920 1.5762 	 84.4440 1.5111 	 155.7960 2.6935 	 262.9680 3.6644 	 251.2880 4.3971 
43 	 79.0480 1.4467 	 82.1040 1.4585 	 90.9900 1.0952 	 169.7720 2.2722 	 295.1360 3.6243 	 277.2240 4.1894 
44 	 78.4420 1.5705 	 80.6760 1.7626 	 91.7020 1.0404 	 169.7680 2.5980 	 275.2360 3.3117 	 258.8760 4.4228 
45 	 79.9860 1.4837 	 81.6520 1.5522 	 92.9340 1.0002 	 173.9400 2.7369 	 290.0560 3.7064 	 271.2920 3.7514 
